hits_count,reads_count,hits_count_pro,ratio_hits_prom,orf_len,insertion_index,reads_by_len,NI,NI_ratio,HFI,HFI_ratio,orf,label,predictions
0.06647398843930635,0.017719768346443083,0.027027027027027032,1.0,0.1068655496526359,0.014206300185299569,0.1266213712168005,0.3950415024789185,1.0292710385589643,0.11117974058060533,0.3441682600382409,YDR061W,non_ess,non_ess
0.07514450867052022,0.02299247990318956,0.08108108108108109,6.0,0.13445034736411934,0.012845849802371542,0.13142292490118576,0.35154385003717764,0.6950495049504951,1.0,4.972972972972973,YDR452W,non_ess,non_ess
0.04335260115606936,0.00449477050739044,0.0,1.0,0.13874131589701674,0.007187350263536177,0.024916147580258743,0.3443467586934636,0.50561797752809,0.4916147580258745,2.0685483870967745,YLR188W,non_ess,non_ess
0.07514450867052022,0.02048578096637566,0.027027027027027032,0.3333333333333333,0.09889660809154067,0.017310252996005325,0.1577896138482024,0.5825122059476253,0.8282828282828283,0.2436750998668442,1.1124620060790271,YGL202W,non_ess,non_ess
0.06936416184971098,0.011669115740340566,0.16216216216216214,1.5,0.03821005312627708,0.03927986906710311,0.22094926350245495,0.7872072120415337,0.743169398907104,0.1260229132569558,0.616,YDL002C,non_ess,non_ess
0.06647398843930635,0.017114703085832832,0.13513513513513514,0.8333333333333334,0.058643236616264825,0.02524698133918771,0.21734357848518115,0.4448425178291233,0.9380822540331744,0.2941822173435785,0.967509025270758,YDL052C,non_ess,non_ess
0.0,0.0,0.0,1.0,0.04781364936657132,0.0,0.0,0.0,0.0,1.0,2.211764705882353,YML092C,ess,ess
0.023121387283236997,0.003889705246780188,0.0,1.0,0.29668982427462204,0.0018157058556513843,0.010213345438039038,0.03542674207079205,0.2323991797676009,0.48660916931457104,2.663354037267081,YNL102W,ess,ess
0.0722543352601156,0.009767482064136915,0.054054054054054064,0.3333333333333333,0.17674703718839396,0.00945179584120983,0.04272211720226843,0.7560015350284975,0.7397526073247636,0.311531190926276,2.445103857566766,YOR141C,non_ess,non_ess
0.1445086705202312,0.039242804045293456,0.08108108108108109,0.3,0.14241928892521455,0.023353573096683792,0.21205044371788884,0.34423534517316584,0.6339249966635527,0.1200373657169547,0.9244604316546764,YAL054C,non_ess,non_ess
0.05780346820809248,0.016077448353358108,0.35135135135135137,1.8571428571428568,0.1871679607682877,0.0071479628305932815,0.06647605432451753,0.19949314445383065,0.9447415329768272,0.27448177269478197,0.9846153846153844,YPL195W,non_ess,non_ess
0.04624277456647399,0.008557351542916414,0.054054054054054064,0.2222222222222222,0.09031467102574582,0.011627906976744186,0.07194767441860465,0.3797624938149431,0.6173049645390071,0.3706395348837209,1.0851063829787233,YBL082C,non_ess,non_ess
0.07803468208092486,0.02956175987552943,0.08108108108108109,1.0,0.11708214139762975,0.01526286037309214,0.1933295647258338,0.5023213018534333,0.8074468085106383,0.1695873374788016,1.1152416356877324,YGR287C,non_ess,non_ess
0.008670520231213872,0.0005186273662373584,0.08108108108108109,1.0,0.08929301185124643,0.002204261572373255,0.00440852314474651,0.07210516909267828,0.43629343629343625,0.8457016899338722,1.4122699386503068,YDR125C,non_ess,non_ess
0.09248554913294796,0.01849770939579912,0.027027027027027032,1.0,0.21209644462607274,0.010113780025284451,0.06763590391908976,0.2891522433128087,0.920863309352518,0.11662452591656132,1.3369565217391304,YMR261C,non_ess,non_ess
0.07803468208092486,0.016077448353358108,0.08108108108108109,1.0,0.1475275847977115,0.012184115523465705,0.08393501805054153,0.5353099066997984,0.8819362455726091,0.16967509025270758,1.2327868852459014,YPR185W,non_ess,non_ess
0.05202312138728323,0.012014867317832138,0.027027027027027032,0.3333333333333333,0.05823457294646505,0.019889502762430938,0.15359116022099448,0.8115260049533244,1.0438871473354232,0.18121546961325968,1.0314465408805031,YFL044C,non_ess,non_ess
0.060693641618497114,0.04546633244014176,0.10810810810810813,4.0,0.0425010216591745,0.031157270029673587,0.7804154302670623,0.9191394658753708,0.8618421052631579,0.38427299703264095,1.2634146341463417,YKL087C,non_ess,non_ess
0.005780346820809247,0.0007779410493560378,0.0,0.0,0.04127503064977524,0.003048780487804878,0.013719512195121951,0.08653216565722703,0.2181208053691276,0.7987804878048781,2.328888888888889,YDR236C,ess,ess
0.05780346820809248,0.025499178840003456,0.054054054054054064,2.0,0.06804250102165918,0.019065776930409915,0.2812202097235462,0.4082656593820108,0.6799607714939524,0.1544327931363203,0.9818181818181818,YMR315W,non_ess,non_ess
0.1184971098265896,0.02895669461491918,0.054054054054054064,1.0,0.4082550061299551,0.006783587028457975,0.055426869622766384,0.13279909912343496,0.478543472183394,0.12094639311714095,1.9389920424403184,YJL207C,non_ess,non_ess
0.0,0.0,0.10810810810810813,4.0,0.010829587249693505,0.0,0.0,0.0,0.0,1.0,1.9174311926605507,YLL009C,non_ess,non_ess
0.005780346820809247,0.0009508168381018238,0.027027027027027032,0.125,0.025745811197384557,0.004672897196261682,0.02570093457943925,0.2382964195792259,0.11219830397912592,1.0,2.3910614525139664,YER159C,ess,ess
0.008670520231213872,0.0018151957818307548,0.027027027027027032,0.14285714285714285,0.03473641193297916,0.005357142857142857,0.0375,0.14262218045112782,0.8223684210526315,0.4071428571428571,0.8571428571428572,YBR217W,non_ess,non_ess
0.005780346820809247,0.0005186273662373584,0.027027027027027032,0.5,0.05108295872496935,0.0025,0.0075,0.050908430232558144,0.2209302325581395,0.79125,2.089108910891089,YDL043C,ess,ess
0.11560693641618495,0.022906042008816664,0.054054054054054064,1.0,0.2174090723334696,0.012338062924120914,0.08173966687230105,0.4522120384242532,1.2165178571428572,0.13448488587291796,0.9276595744680852,YHR119W,non_ess,non_ess
0.05491329479768786,0.012101305212205031,0.027027027027027032,2.0,0.07723743359215368,0.016047297297297296,0.11824324324324326,0.4499567301291439,0.8267651888341543,0.2829391891891892,0.9940652818991098,YBR025C,non_ess,non_ess
0.049132947976878616,0.0075200968104416985,0.10810810810810813,8.0,0.09337964854924398,0.011963406052076004,0.061224489795918366,0.3690665791854724,0.6512710347296812,0.2807881773399015,1.123943661971831,YIL039W,non_ess,non_ess
0.15606936416184972,0.02809231567119025,0.0,0.0,0.413363302002452,0.008824971400555647,0.053113253799640464,0.2533537905965344,0.8058252427184465,0.12224219643732635,1.5550935550935554,YGR217W,non_ess,non_ess
0.02890173410404624,0.010545423113492956,0.054054054054054064,4.0,0.05353494074376789,0.011961722488038276,0.14593301435406694,0.3662890150482188,0.6613837244742458,0.2990430622009569,0.946969696969697,YKL055C,non_ess,non_ess
0.03757225433526011,0.006223528394848302,0.054054054054054064,2.0,0.06497752349816102,0.012948207171314742,0.07171314741035857,0.3620102921646747,1.0156250000000002,0.2330677290836653,0.8417266187050358,YNL316C,non_ess,non_ess
0.04624277456647399,0.005359149451119371,0.10810810810810813,0.6666666666666666,0.10420923579893747,0.010126582278481013,0.039240506329113925,0.4064550962865199,0.6212176449143273,0.2234177215189873,2.521428571428572,YHR207C,non_ess,non_ess
0.27167630057803466,0.2144524159391477,0.21621621621621626,1.0,0.054352268083367385,0.1108490566037736,2.925707547169812,1.8348000563221627,0.9548092868988391,0.12735849056603776,2.0377358490566038,YNR002C,non_ess,non_ess
0.02023121387283237,0.002420261042441006,0.08108108108108109,3.0,0.06742950551695955,0.006730769230769231,0.026923076923076925,0.16289893617021275,0.11738189686260367,0.28846153846153844,1.7341040462427746,YIL154C,non_ess,non_ess
0.10693641618497107,0.0224738525369522,0.054054054054054064,2.0,0.1456885982836126,0.016902695294655094,0.1187756966651439,0.5717445034027949,1.1787101787101788,0.13704888076747376,0.7712082262210797,YGL203C,non_ess,non_ess
0.023121387283236997,0.01633676203647679,0.10810810810810813,0.5714285714285714,0.033714752758479766,0.01467889908256881,0.3467889908256881,0.4568961529565954,0.6929541047188105,0.6165137614678899,2.4347826086956523,YDR178W,non_ess,non_ess
0.017341040462427744,0.004321894718644654,0.027027027027027032,1.0,0.12178177360032695,0.003264417845484222,0.02720348204570185,0.08991342196148934,0.3065217391304348,0.4319912948857454,1.8904761904761904,YPL194W,non_ess,non_ess
0.011560693641618495,0.0044083326130175465,0.0,1.0,0.03228442991418063,0.0076335877862595426,0.09732824427480916,0.3033735533119921,0.7419354838709676,0.6793893129770993,2.094117647058824,YKL016C,non_ess,non_ess
0.0838150289017341,0.02299247990318956,0.054054054054054064,4.0,0.12014711892112792,0.015986769570011026,0.1466372657111356,0.2618439076542715,0.8039281705948372,0.28114663726571115,1.4613180515759314,YML057W,non_ess,non_ess
0.060693641618497114,0.016423199930849685,0.2432432432432433,0.9,0.04311401716387413,0.030746705710102486,0.2781844802342606,0.6380673499267936,0.7208333333333334,0.2445095168374817,1.1517241379310346,YEL038W,non_ess,non_ess
0.005780346820809247,0.0002593136831186792,0.054054054054054064,1.0,0.015529219452390684,0.007194244604316547,0.01079136690647482,0.2395931530637559,0.4791863061275118,0.7985611510791367,0.7985611510791367,YGR169C-A,non_ess,non_ess
0.2658959537572254,0.09827988590197942,0.2972972972972973,1.8333333333333333,0.07866775643645281,0.07634854771784233,0.9435684647302904,1.73577266440337,1.2472089314194579,0.15352697095435686,1.1419753086419755,YBL013W,non_ess,non_ess
0.011560693641618495,0.0019880715705765406,0.0,0.0,0.12076011442582756,0.0021941854086670325,0.012616566099835436,0.0796874065716373,0.2037914691943128,0.3532638507953922,2.0977198697068404,YDR341C,ess,ess
0.011560693641618495,0.0014694442043391822,0.0,0.0,0.13220269718022068,0.0020090406830738324,0.008538422903063787,0.04836270991482396,0.19430051813471505,0.6428930185836264,2.17687074829932,YLR002C,ess,ess
0.011560693641618495,0.002506698936813899,0.1891891891891892,7.0,0.053330608908867996,0.004801920768307323,0.03481392557022809,0.09959788111048616,0.4835164835164835,0.5066026410564226,1.068354430379747,YLR290C,non_ess,non_ess
0.023121387283236997,0.004062581035525975,0.10810810810810813,4.0,0.04352268083367389,0.011611030478955007,0.06821480406386067,0.3041315916787615,0.6355555555555555,0.2772133526850508,0.9095238095238096,YFL034C-A,non_ess,non_ess
0.1329479768786127,0.016941827297087042,0.027027027027027032,0.5,0.26992235390273805,0.011462746075255421,0.04884126588587092,0.457815131126868,1.3486080315348608,0.13256915026164964,0.6333333333333334,YMR129W,non_ess,non_ess
0.11271676300578035,0.03639035353098798,0.08108108108108109,1.0,0.07274213322435638,0.034883720930232565,0.3765652951699464,0.7345326897762177,1.5919811320754715,0.1833631484794276,0.8649789029535865,YDR517W,non_ess,non_ess
0.031791907514450865,0.005272711556746477,0.10810810810810813,0.6666666666666666,0.06865549652635881,0.010396975425330813,0.057655954631379965,0.3529470599413889,0.662037037037037,0.21644612476370512,0.6189189189189189,YDL226C,non_ess,non_ess
0.05202312138728323,0.010286109430374276,0.5675675675675675,2.1,0.04944830404577034,0.0231958762886598,0.15335051546391756,0.5278269974226804,0.6796874999999999,0.19201030927835053,1.0205479452054795,YCR059C,non_ess,non_ess
0.011560693641618495,0.003457515774915723,0.08108108108108109,0.375,0.04856286609453754,0.005242463958060288,0.05242463958060288,0.2227646994087221,0.2196124486200822,0.3433813892529489,1.1054852320675106,YNL038W,ess,ess
0.02023121387283237,0.0033710778805428297,0.0,0.0,0.15181855333060892,0.00307152259763054,0.017112768758227294,0.08985505090695442,0.6459510357815443,0.45941202281702503,1.1884222474460842,YNL272C,ess,ess
0.09826589595375723,0.013743625205290001,0.0,1.0,0.12709440130772376,0.017745302713987474,0.08298538622129438,0.7494321240529929,0.8047004303210856,0.12630480167014613,1.1,YNL020C,non_ess,non_ess
0.008670520231213872,0.0010372547324747168,0.13513513513513514,1.0,0.05762157744176542,0.003348214285714285,0.013392857142857142,0.07086711218229623,0.19171779141104286,0.5290178571428571,1.0215517241379308,YIL044C,non_ess,non_ess
0.011560693641618495,0.0010372547324747168,0.027027027027027032,0.2,0.03698406211687781,0.006745362563237775,0.020236087689713318,0.20164833859819967,1.5211267605633807,0.5902192242833052,1.2773722627737223,YKR065C,non_ess,non_ess
0.04335260115606936,0.003976143141153081,0.0,0.0,0.18859828361258685,0.005321035828307911,0.016317843206810925,0.3303793138397609,0.3844246031746033,0.2543455125931181,1.593333333333333,YLR409C,ess,ess
0.18208092485549127,0.04589852191200623,0.32432432432432434,1.5,0.08336738863914997,0.04945054945054945,0.4167974882260597,1.2441308691308692,0.982620320855615,0.1695447409733124,0.7552447552447552,YLR438W,non_ess,non_ess
0.03468208092485549,0.008643789437289308,0.0,0.0,0.15140988966080918,0.005279366476022877,0.043994720633523984,0.22145714607270384,0.45182724252491707,0.3902331720193577,1.6799242424242429,YOR014W,non_ess,non_ess
0.04335260115606936,0.006137090500475408,0.10810810810810813,8.0,0.0588475684511647,0.01641137855579869,0.07768052516411379,0.4846183550006436,1.7536764705882355,0.2450765864332604,0.4274809160305344,YBR228W,non_ess,non_ess
0.02890173410404624,0.005272711556746477,0.0,0.0,0.0461789946873723,0.013736263736263736,0.08379120879120877,0.29370544995544995,0.5501930501930502,0.24175824175824176,1.2137931034482758,YOR358W,non_ess,non_ess
0.049132947976878616,0.013743625205290001,0.0,0.0,0.11728647323252965,0.009593679458239277,0.08972911963882617,0.25874717832957106,0.6799999999999999,1.0,1.1250793650793651,YNL227C,non_ess,non_ess
0.05780346820809248,0.007347221021695911,0.0,0.0,0.07069881487535759,0.018382352941176468,0.078125,0.8060661764705882,0.9736842105263156,0.23621323529411764,1.007843137254902,YDR414C,non_ess,non_ess
0.17052023121387286,0.04823234506007434,0.13513513513513514,1.0,0.11749080506742952,0.033239436619718316,0.3143661971830986,0.5085050654806029,0.9370680489101542,0.09577464788732394,0.9770114942528736,YML054C,non_ess,non_ess
0.0953757225433526,0.022128100959460627,0.0,1.0,0.1979975480179812,0.011159959418329387,0.08657423063916131,0.2514197754014437,1.0258620689655171,0.16266486303686167,1.0169133192389006,YLR138W,non_ess,non_ess
0.0953757225433526,0.01918921255078226,0.21621621621621626,1.1428571428571428,0.10093992644053944,0.02154046997389034,0.14490861618798956,0.8132119186296732,0.8511904761904763,1.0,1.974226804123712,YFL021W,non_ess,non_ess
0.005780346820809247,0.0010372547324747168,0.0,0.0,0.026767470371883945,0.004514672686230248,0.02708803611738149,0.11783071100479545,0.5671641791044776,0.5282167042889391,0.9473684210526316,YBR252W,ess,ess
0.02890173410404624,0.0076929725991874845,0.0,0.0,0.07192480588475685,0.009041591320072331,0.08047016274864376,0.3589818248689736,1.3935969868173257,0.5036166365280289,0.9893428063943162,YMR166C,non_ess,non_ess
0.01445086705202312,0.006655717866712767,0.0,0.0,0.07825909276665305,0.0041701417848206855,0.06422018348623854,0.12797701788527474,0.4612794612794612,0.7147623019182652,1.447635135135135,YMR026C,non_ess,non_ess
0.0722543352601156,0.01737401676895151,0.08108108108108109,0.6,0.11115651818553332,0.014863258026159334,0.11950059453032105,0.4994054696789537,0.537878787878788,0.11117717003567182,0.11117717003567182,YMR136W,non_ess,non_ess
0.04624277456647399,0.006915031549831446,0.08108108108108109,1.5,0.11238250919493258,0.009411764705882352,0.047058823529411764,0.4103292637809841,0.4485175202156334,0.3311764705882353,1.989399293286219,YLR417W,non_ess,non_ess
0.03468208092485549,0.015558820987120752,0.21621621621621626,8.0,0.052513281569268495,0.0146163215590743,0.2192448233861145,0.4223420915260136,2.217142857142857,0.2959805115712545,0.5771971496437054,YLR064W,non_ess,non_ess
0.049132947976878616,0.007260783127323019,0.027027027027027032,0.3333333333333333,0.10053126277073968,0.011140235910878113,0.05504587155963303,0.27943813508667065,0.6128097843579015,0.17562254259501967,1.4806629834254146,YOR231W,non_ess,non_ess
0.06358381502890173,0.015385945198374969,0.054054054054054064,0.4,0.1021659174499387,0.014193548387096775,0.11483870967741935,0.4882580645161291,1.3360323886639676,0.1367741935483871,0.6272189349112426,YIL097W,non_ess,non_ess
0.011560693641618495,0.0006915031549831446,0.16216216216216214,0.5454545454545454,0.015733551287290558,0.014234875444839857,0.028469750889679717,0.30140510918416785,0.3779342723004695,0.9145907473309608,0.9625468164794008,YER146W,ess,non_ess
0.023121387283236997,0.014694442043391822,0.13513513513513514,0.4545454545454545,0.025745811197384557,0.018691588785046728,0.397196261682243,0.5281495327102803,0.6262857142857142,0.4439252336448598,1.5966386554621848,YLR245C,non_ess,non_ess
0.0,0.0,0.0,0.0,0.06763383735185942,0.0,0.0,0.0,0.0,1.0,1.5007194244604318,YJR141W,ess,ess
0.05780346820809248,0.005013397873627798,0.32432432432432434,2.4,0.07580711074785453,0.01719690455717971,0.04987102321582115,0.4084078718644497,1.0571884256094783,0.2098022355975924,0.5458612975391499,YBR246W,non_ess,non_ess
0.06936416184971098,0.021523035698850376,0.027027027027027032,1.0,0.059460563955864326,0.02600216684723727,0.26977248104008666,0.4475209297744509,1.2160000000000002,0.2383531960996749,1.0185185185185186,YDL119C,non_ess,non_ess
0.008670520231213872,0.0009508168381018238,0.0,1.0,0.02656313853698406,0.006818181818181818,0.025,0.16118181818181818,0.424,0.7454545454545455,1.6565656565656566,YGR243W,non_ess,non_ess
0.10404624277456646,0.022646728325697984,0.0,1.0,0.22496935022476505,0.010736653742916793,0.07813898001789442,0.4141102379680813,0.7674418604651163,0.15419027736355506,0.9038461538461541,YNR067C,non_ess,non_ess
0.12427745664739885,0.025499178840003456,0.10810810810810813,1.3333333333333333,0.2282386595831631,0.012643340194060573,0.08673919435460159,0.5312048624599464,1.497601668404588,0.11026168773890033,0.11026168773890033,YPR022C,non_ess,non_ess
0.060693641618497114,0.012792808367188177,0.054054054054054064,4.0,0.05741724560686556,0.02351623740201568,0.16573348264277715,0.3768908244806055,0.992844364937388,0.15789473684210525,0.15789473684210525,YER055C,non_ess,non_ess
0.0,0.0,0.0,0.0,0.09971393543114017,0.0,0.0,0.0,0.0,1.0,3.2008456659619453,YLR197W,ess,ess
0.2803468208092485,0.0961189385426571,0.13513513513513514,1.0,0.1385369840621169,0.04654510556621881,0.5335892514395394,1.8053859128715173,1.157386363636364,0.09692898272552784,1.1160220994475138,YMR246W,non_ess,non_ess
0.10404624277456646,0.02204166306508773,0.027027027027027032,0.3333333333333333,0.2480588475684512,0.009750812567713976,0.06906825568797399,0.2194778273912036,0.8125516102394714,0.3315276273022752,2.4094488188976366,YMR304W,non_ess,non_ess
0.06647398843930635,0.017114703085832832,0.027027027027027032,2.0,0.0986922762566408,0.015343562374916613,0.13208805870580387,0.4315647051085701,0.6073943661971831,0.2254836557705137,1.5022222222222223,YDR348C,non_ess,non_ess
0.01445086705202312,0.002333823148068113,0.027027027027027032,0.125,0.11687780956272988,0.002831257078142695,0.015288788221970552,0.0858934870267112,0.2611464968152866,0.7383918459796149,2.4838095238095237,YDR243C,ess,ess
0.023121387283236997,0.00561846313423805,0.054054054054054064,1.0,0.07846342460155292,0.006655574043261232,0.05407653910149751,0.1269942253107566,0.9327731092436976,0.4026622296173045,0.585247883917775,YGL243W,non_ess,non_ess
0.031791907514450865,0.002074509464949433,0.0,0.0,0.35002043318349,0.002119868953555598,0.004625168625939488,0.0825104165974442,0.351419878296146,0.4989400655232222,3.6209790209790214,YMR229C,ess,ess
0.049132947976878616,0.00509983576800069,0.054054054054054064,1.0,0.03902738046587659,0.027287319422150885,0.09470304975922954,1.2983019346118103,1.6616541353383458,0.1508828250401284,0.6811594202898551,YFL046W,non_ess,non_ess
0.05780346820809248,0.00786584838793327,0.027027027027027032,1.0,0.0778504290968533,0.01676445934618609,0.07627829002514669,0.7258626977982251,1.2683499706400474,0.2145850796311819,1.1851851851851851,YBR042C,non_ess,non_ess
0.008670520231213872,0.0007779410493560378,0.0,1.0,0.08786268900694727,0.002238805970149254,0.006716417910447761,0.05173208033904552,0.6635802469135803,0.942537313432836,2.0570032573289905,YDL084W,ess,ess
0.05780346820809248,0.010286109430374276,0.0,1.0,0.08806702084184717,0.014892032762472078,0.08860759493670886,0.32378588566228184,0.95,0.2122114668652271,0.9827586206896552,YKL027W,non_ess,non_ess
0.03468208092485549,0.007347221021695911,0.2432432432432433,1.0,0.09011033919084592,0.008739985433357609,0.06190823015294975,0.2459024473054449,0.8872180451127819,0.2316096139839767,1.1954887218045112,YJR062C,non_ess,non_ess
0.04335260115606936,0.02558561673437635,0.0,1.0,0.16939109113199838,0.005912495072920773,0.11667323610563655,0.20607590442902005,0.3877376628925443,0.2952305873078439,1.7178899082568808,YBR202W,ess,ess
0.0028901734104046237,0.00017287578874578615,0.0,0.0,0.04372701266857377,0.0014450867052023119,0.0028901734104046237,0.10034852091125468,0.09558823529411767,1.0,3.865921787709497,YOL102C,ess,ess
0.08959537572254335,0.0261906819949866,0.027027027027027032,2.0,0.25766244380874537,0.008087659796504044,0.07905035220453953,0.15195637927026334,0.5703219559428709,0.1774067310200887,1.1950790861159928,YMR012W,non_ess,non_ess
0.08670520231213873,0.010199671536001384,0.13513513513513514,1.25,0.08561503882304862,0.022953328232593728,0.090283091048202,0.7692773868052453,0.7534411977783145,0.17980107115531752,0.17980107115531752,YLR113W,non_ess,non_ess
0.03468208092485549,0.0112369262684761,0.13513513513513514,0.8333333333333334,0.03698406211687781,0.020236087689713318,0.21922428330522767,0.5299077472472968,1.2026143790849673,0.2698145025295109,0.5,YIL157C,non_ess,non_ess
0.0,0.0,0.0,0.0,0.07008581937065796,0.0,0.0,0.0,0.0,1.0,4.882352941176472,YKL060C,ess,ess
0.011560693641618495,0.003284639986169937,0.0,0.0,0.07008581937065796,0.003707136237256719,0.03521779425393883,0.15396573888606535,0.3817204301075269,0.8433734939759037,2.6224783861671472,YHR069C,ess,ess
0.03757225433526011,0.0036303915636615096,0.0,1.0,0.2319166326113609,0.0037626628075253256,0.01215629522431259,0.08864247185520703,0.3833874458874459,0.4486251808972504,2.5203252032520327,YJR090C,non_ess,non_ess
0.031791907514450865,0.005013397873627798,0.0,1.0,0.06232120964446261,0.011398963730569948,0.06010362694300516,0.4052964881980426,1.7984126984126982,0.23316062176165805,0.4261363636363637,YLR242C,non_ess,non_ess
0.049132947976878616,0.006569279972339874,0.0,0.0,0.1937065794850838,0.005874222529371113,0.02626123013130615,0.13223385715573452,0.5235507246376813,1.0,1.0,YBR079C,ess,ess
0.09248554913294796,0.012274181000950816,0.0,1.0,0.256640784634246,0.008381351492928235,0.03719224724986904,0.3140979063519154,1.1764705882352942,0.33708748035620745,2.1557788944723617,YOR124C,non_ess,non_ess
0.05202312138728323,0.005877776817356729,0.1891891891891892,3.5,0.085002043318349,0.01386748844375963,0.05238828967642527,0.3424345146379045,1.0057142857142858,0.17026194144838214,1.1755319148936172,YLR387C,non_ess,non_ess
0.008670520231213872,0.0010372547324747168,0.0,0.0,0.0659991826726604,0.002944062806673209,0.011776251226692836,0.1488746082497072,0.2739454094292805,0.3709519136408244,1.6363636363636365,YDL209C,ess,ess
0.1329479768786127,0.06966894286455183,0.0,0.0,0.2460155292194524,0.012561441835062808,0.2200983069361005,0.21797145104983434,0.7538325991189427,0.10513380666302567,1.3321799307958475,YLR084C,non_ess,non_ess
0.005780346820809247,0.001210130521220503,0.08108108108108109,0.6,0.05121917994823594,0.002493765586034913,0.017456359102244388,0.08115953502487168,0.5855379188712523,0.5548628428927681,0.940803382663848,YPR132W,non_ess,non_ess
0.060693641618497114,0.0075200968104416985,0.16216216216216214,2.0,0.0976706170821414,0.014150943396226415,0.05862533692722373,0.3906614373542506,2.752808988764045,1.0,2.5586206896551724,YNL223W,non_ess,non_ess
0.0,0.0,0.0,0.0,0.023293829178586026,0.0,0.0,0.0,0.0,1.0,1.0,YOR103C,ess,ess
0.06647398843930635,0.020226467283256982,0.08108108108108109,0.6,0.11973845525132815,0.012721238938053098,0.12942477876106195,0.4112429605792438,0.9118686868686868,0.2002212389380531,0.8872549019607844,YLR055C,non_ess,non_ess
0.011560693641618495,0.0012965684155933962,0.0,1.0,0.0723334695545566,0.0035971223021582736,0.013489208633093523,0.08041139903611093,0.1530097087378641,0.36960431654676257,1.8853211009174309,YPR035W,ess,ess
0.02023121387283237,0.0027660126199325783,0.0,0.0,0.09910093992644056,0.004651162790697674,0.0212624584717608,0.16435071500794454,0.3844393592677346,0.2903654485049834,1.3873015873015873,YHR065C,ess,ess
0.24277456647398846,0.11392514478347307,0.5405405405405406,1.5384615384615383,0.09011033919084592,0.06117989803350327,0.9599417334304444,1.6050726189966156,0.9456601198888837,0.06846321922796796,1.160493827160494,YAL062W,non_ess,non_ess
0.02023121387283237,0.004321894718644654,0.0,0.0,0.03923171230077646,0.011182108626198084,0.07987220447284345,0.5467925476540905,0.5872659176029962,0.5543130990415336,2.005780346820809,YPR107C,ess,ess
0.12716763005780346,0.022906042008816664,0.1891891891891892,14.0,0.1129955046996322,0.025746050321825628,0.155061439438268,1.032487155029377,1.2054794520547945,0.15389116442363954,0.5502092050209205,YLR120C,non_ess,non_ess
0.026011560693641616,0.009075978909153772,0.0,0.0,0.18348998774008995,0.0032798833819241984,0.03826530612244898,0.1657512494793836,0.5714285714285715,0.42893586005830897,1.6600846262341324,YOR113W,non_ess,non_ess
0.13005780346820808,0.07926354913994295,0.35135135135135137,1.4444444444444444,0.034940743767879034,0.07992895204262877,1.6287744227353464,1.3470692717584372,0.8655172413793104,1.0,5.118181818181818,YIR017C,non_ess,non_ess
0.03468208092485549,0.0029388884086783643,0.027027027027027032,1.0,0.08541070698814876,0.009202453987730062,0.02607361963190184,0.2682472335301875,0.5660881174899867,0.3174846625766871,1.4577464788732395,YDL097C,ess,non_ess
0.008670520231213872,0.0010372547324747168,0.027027027027027032,0.2,0.09562729873314264,0.0020632737276478678,0.008253094910591471,0.08013152404061635,0.2359550561797753,0.43810178817056394,2.478599221789884,YNL026W,ess,ess
0.02023121387283237,0.003457515774915723,0.08108108108108109,0.75,0.08561503882304862,0.005355776587605203,0.030604437643458306,0.30698656545373754,0.3790393013100437,0.4254016832440704,1.2086956521739132,YAR018C,non_ess,non_ess
0.08670520231213873,0.04754084190509119,0.08108108108108109,0.75,0.10073559460563956,0.01962066710268149,0.3597122302158273,0.3582770717025695,0.8150470219435736,0.20340091563113147,1.0,YLR345W,non_ess,non_ess
0.0838150289017341,0.018929898867663584,0.027027027027027032,2.0,0.11626481405803026,0.016505406943653957,0.12464428002276608,1.4807707943735269,0.6665842807711321,0.12293682413204325,0.7372013651877133,YHL010C,non_ess,non_ess
0.0,0.0,0.0,1.0,0.07764609726195341,0.0,0.0,0.0,0.0,1.0,1.9193548387096773,YNR043W,ess,ess
0.03468208092485549,0.0045812084017633325,0.0,0.0,0.03064977523498161,0.024,0.106,0.3977739130434783,0.4956521739130435,0.3720000000000001,1.9787234042553192,YLR074C,non_ess,non_ess
0.04335260115606936,0.0087302273316622,0.0,0.0,0.19288925214548427,0.005204718945176961,0.03504510756419153,0.10918080878178034,0.2781100478468899,0.3764746703678001,1.6821705426356592,YGL238W,ess,ess
0.03757225433526011,0.016077448353358108,0.054054054054054064,2.0,0.038073831903010495,0.02134646962233169,0.3054187192118227,0.60249810889098,2.044943820224719,0.24630541871921185,0.8333333333333333,YNL044W,non_ess,non_ess
0.04335260115606936,0.006223528394848302,0.2432432432432433,2.25,0.05803024111156519,0.01662971175166297,0.07982261640798226,0.4769199758113283,1.1623376623376622,0.19068736141906872,0.9662921348314608,YLR172C,non_ess,non_ess
0.031791907514450865,0.0047540841905091185,0.027027027027027032,2.0,0.0678381691867593,0.010516252390057362,0.052581261950286805,0.36601487810707456,0.9320913461538459,0.5803059273422562,1.6143617021276593,YMR234W,non_ess,non_ess
0.05202312138728323,0.012619932578442388,0.027027027027027032,0.3333333333333333,0.09726195341234163,0.012178619756427604,0.09878213802435724,0.40564678345463184,0.8513513513513513,0.17929634641407308,0.9814814814814816,YPR169W,ess,non_ess
0.011560693641618495,0.0008643789437289308,0.10810810810810813,0.6666666666666666,0.05217272851110204,0.004901960784313725,0.012254901960784314,0.12780807687313336,0.6993377483443708,0.6127450980392157,1.020408163265306,YIL069C,non_ess,non_ess
0.07514450867052022,0.01521306940962918,0.08108108108108109,0.375,0.0815284021250511,0.02085004009623096,0.14113873295910184,0.3616497182815304,0.6775244299674267,0.2967121090617482,0.9711286089238846,YAL042W,non_ess,non_ess
0.07803468208092486,0.016682513613968362,0.1891891891891892,1.1666666666666667,0.08091540662035146,0.02180936995153473,0.15589660743134087,0.4852584814216479,0.7901470588235295,0.15589660743134087,1.496124031007752,YLR174W,non_ess,non_ess
0.09248554913294796,0.016077448353358108,0.13513513513513514,2.5,0.12014711892112792,0.017640573318632856,0.10253583241455347,0.4309340053551741,0.849480021893815,0.10033076074972436,0.6546762589928057,YJL083W,non_ess,non_ess
0.01445086705202312,0.004149018929898867,0.21621621621621626,0.7272727272727273,0.052717613404168376,0.006067961165048544,0.05825242718446603,0.140464771708192,0.7429718875502008,0.36771844660194175,1.3004291845493563,YOL121C,non_ess,non_ess
0.03757225433526011,0.013743625205290001,0.0,0.0,0.0868410298324479,0.009811320754716982,0.12,0.2536526761648056,0.6064139941690964,0.3230188679245283,0.8646464646464647,YKL059C,ess,non_ess
0.09826589595375723,0.031722707234851766,0.08108108108108109,1.5,0.056395586432366175,0.0387243735763098,0.417995444191344,1.190415928456931,1.3355780022446688,0.6036446469248291,1.0,YNL202W,non_ess,non_ess
0.0953757225433526,0.022819604114443767,0.0,0.0,0.14732325296281162,0.0149118843199277,0.1192950745594216,0.5365022485235122,1.914535246412976,0.17577948486217804,0.5780089153046062,YLL019C,non_ess,non_ess
0.01445086705202312,0.0027660126199325783,0.054054054054054064,4.0,0.07560277891295464,0.004310344827586207,0.027586206896551724,0.20524847870182555,0.6740196078431373,0.7370689655172413,1.7520491803278686,YLR191W,non_ess,non_ess
0.13005780346820808,0.04079868614400553,0.1891891891891892,0.7777777777777778,0.1068655496526359,0.027794935145151328,0.29153798641136497,1.4664939662404468,0.9271576898118103,0.0846201358863496,0.9716312056737588,YAR002W,non_ess,non_ess
0.02023121387283237,0.004667646296136226,0.0,1.0,0.08173273395995098,0.0056,0.0432,0.20257614678899089,0.3119266055045872,0.3624,2.1990291262135924,YIL033C,non_ess,non_ess
0.04624277456647399,0.013311435733425534,0.0,1.0,0.05598692276256642,0.01834862385321101,0.17660550458715596,0.3127212309470491,1.0136005726556907,0.1651376146788991,0.96,YGR205W,non_ess,non_ess
0.03757225433526011,0.012101305212205031,0.13513513513513514,1.25,0.03821005312627708,0.02127659574468085,0.22913256955810146,0.550644869793806,0.9947349947349946,0.2111292962356792,0.5308641975308642,YER128W,non_ess,non_ess
0.0,0.0,0.08108108108108109,1.0,0.08970167552104619,0.0,0.0,0.0,0.0,1.0,3.106818181818182,YLR195C,ess,ess
0.05202312138728323,0.012274181000950816,0.0,1.0,0.1409889660809154,0.008490566037735849,0.0669811320754717,0.368500734380296,0.7826086956521741,0.21839622641509435,1.2152230971128608,YNL021W,non_ess,non_ess
0.060693641618497114,0.008470913648543521,0.10810810810810813,0.8,0.20044953003677973,0.00701637153357835,0.03274306715669897,0.3462309491377316,1.138111888111888,0.17440694954894753,0.6796875,YDL149W,non_ess,non_ess
0.017341040462427744,0.005964214711729622,0.0,0.0,0.04590655224083913,0.008287292817679558,0.09530386740331492,0.2342961806389623,0.7459239130434784,0.3770718232044199,1.2816901408450705,YDR447C,non_ess,non_ess
0.03468208092485549,0.006223528394848302,0.054054054054054064,0.4,0.2278299959133633,0.0035346097201767305,0.021207658321060384,0.12613066045154925,0.2366504854368932,0.31281296023564065,2.64179104477612,YNL192W,non_ess,non_ess
0.023121387283236997,0.002074509464949433,0.027027027027027032,0.25,0.06885982836125869,0.007540056550424128,0.022620169651272386,0.14915330408024416,0.209271523178808,0.3713477851083883,1.4538745387453875,YBL016W,non_ess,non_ess
0.05202312138728323,0.008816665226035093,0.054054054054054064,0.6666666666666666,0.09910093992644056,0.011960132890365448,0.06777408637873754,0.2352261430355762,0.9075630252100841,0.15415282392026575,0.8111888111888111,YBR056W,non_ess,non_ess
0.10115606936416184,0.029648197769902324,0.10810810810810813,4.0,0.11197384552513284,0.02066115702479339,0.2024793388429752,0.4060901219992129,0.9363799283154122,0.10330578512396696,1.0,YCR065W,non_ess,non_ess
0.06358381502890173,0.013743625205290001,0.10810810810810813,4.0,0.07294646505925624,0.019625334522747548,0.14183764495985726,0.8452459744221134,1.1975806451612905,0.1471900089206066,0.7081545064377682,YNL288W,non_ess,non_ess
0.0028901734104046237,0.0004321894718644654,0.08108108108108109,1.5,0.032216319302547335,0.0019120458891013386,0.009560229445506692,0.09087470846553064,1.021978021978022,0.7189292543021033,0.8826291079812207,YDL219W,non_ess,non_ess
0.017341040462427744,0.0033710778805428297,0.027027027027027032,0.16666666666666666,0.09521863506334287,0.004143646408839779,0.026933701657458564,0.08399081839500774,0.24876940552820895,0.4516574585635359,2.050156739811912,YDR388W,non_ess,non_ess
0.09248554913294796,0.024029734635664275,0.13513513513513514,1.6666666666666667,0.11115651818553332,0.019024970273483943,0.1652794292508918,0.5825264707547704,1.554285714285714,0.1890606420927468,0.6115384615384615,YBR220C,non_ess,non_ess
0.0028901734104046237,0.0006050652606102515,0.054054054054054064,1.0,0.0624574308677292,0.001034126163391934,0.007238883143743538,0.030240489339699445,0.11246200607902736,0.5118924508790073,2.6052631578947367,YHR012W,non_ess,non_ess
0.031791907514450865,0.003889705246780188,0.10810810810810813,0.8,0.030854107069881488,0.02186878727634195,0.08946322067594434,0.4614006104219752,0.8075117370892019,0.4254473161033797,1.1693989071038249,YMR071C,non_ess,non_ess
0.01445086705202312,0.0009508168381018238,0.10810810810810813,0.6666666666666666,0.059937338237297376,0.005376344086021507,0.011827956989247313,0.19321236559139784,1.3020833333333337,0.3150537634408602,0.4779771615008157,YGL031C,non_ess,non_ess
0.02023121387283237,0.003198202091797044,0.0,1.0,0.13710666121781775,0.003393116820164809,0.01793504604944256,0.0816548977479661,0.2588108108108109,0.3528841492971401,2.545454545454545,YER022W,ess,ess
0.06358381502890173,0.013052122050306855,0.027027027027027032,0.5,0.09664895790764202,0.014976174268209666,0.10279101429543908,0.6046630360789652,0.6329365079365078,0.15180394826412524,1.2054054054054053,YDL238C,non_ess,non_ess
0.04046242774566474,0.0036303915636615096,0.08108108108108109,0.6,0.11626481405803026,0.00796812749003984,0.023904382470119518,0.2584239313930718,0.5317011927181419,0.16277746158224246,1.3619047619047622,YHR108W,non_ess,non_ess
0.026011560693641616,0.003284639986169937,0.08108108108108109,6.0,0.0606865549652636,0.009564293304994687,0.04038257173219978,0.2276615389975785,1.0180327868852461,0.21891604675876727,0.4161616161616162,YOR006C,non_ess,non_ess
0.0028901734104046237,0.0005186273662373584,0.054054054054054064,0.6666666666666666,0.008990600735594606,0.005494505494505495,0.03296703296703297,0.1099090564607806,0.22931034482758625,0.7142857142857143,1.3829787234042552,YNL070W,non_ess,non_ess
0.026011560693641616,0.0060506526061025155,0.13513513513513514,0.8333333333333334,0.060890886800163475,0.009533898305084743,0.07415254237288135,0.20775813020303047,0.5678950025239778,0.3093220338983051,0.7913279132791328,YNL063W,non_ess,non_ess
0.049132947976878616,0.03535309879851327,0.027027027027027032,0.2,0.02778912954638333,0.03711790393013102,0.8930131004366813,0.7757872467384525,0.7391304347826088,0.425764192139738,1.7256637168141593,YPL170W,non_ess,non_ess
0.049132947976878616,0.009767482064136915,0.027027027027027032,1.0,0.2206783816918676,0.005167173252279635,0.03434650455927052,0.2694597509559761,0.6361290322580645,0.2094224924012158,1.4945770065075918,YCL061C,non_ess,non_ess
0.04335260115606936,0.01521306940962918,0.027027027027027032,0.5,0.085002043318349,0.011556240369799691,0.13559322033898305,0.288605847157465,0.9357606679035252,1.0,4.018575851393189,YGR149W,non_ess,non_ess
0.20809248554913293,0.04218169245397182,0.0,1.0,0.2738046587658357,0.01769041769041769,0.1199017199017199,0.5230355569978211,1.474106784423926,0.055773955773955775,0.3139695712309821,YAL017W,non_ess,non_ess
0.026011560693641616,0.006223528394848302,0.027027027027027032,1.0,0.045361667347772784,0.012569832402234636,0.1005586592178771,0.4651921595068388,1.024137931034483,0.5013966480446927,1.8131313131313127,YMR156C,non_ess,non_ess
0.04335260115606936,0.0075200968104416985,0.10810810810810813,0.8,0.0651818553330609,0.014895729890764648,0.08639523336643495,0.2829711252005194,0.5159023668639053,0.4657398212512413,1.8685258964143427,YLR354C,non_ess,non_ess
0.049132947976878616,0.00898954101478088,0.10810810810810813,0.5714285714285714,0.17041275030649775,0.0066614420062695925,0.04075235109717868,0.15430776929077075,0.4107981220657277,0.3945924764890282,2.48641975308642,YMR302C,non_ess,non_ess
0.01445086705202312,0.003976143141153081,0.054054054054054064,1.0,0.1230077646097262,0.0026939655172413795,0.02478448275862069,0.10186239427456084,0.32704402515723263,0.84375,1.866507747318236,YKL174C,non_ess,non_ess
0.017341040462427744,0.004149018929898867,0.027027027027027032,1.0,0.07172047404985697,0.005439709882139618,0.04351767905711696,0.1902009670595346,0.3784722222222222,0.4043517679057117,1.3393393393393394,YER118C,non_ess,non_ess
0.03757225433526011,0.007347221021695911,0.0,1.0,0.06824683285655905,0.0123574144486692,0.08079847908745247,0.4514977279050357,1.9930313588850173,0.23098859315589354,0.7431192660550459,YNL274C,non_ess,non_ess
0.08670520231213873,0.07762122914685797,0.21621621621621626,1.0,0.14834491213731102,0.013464991023339316,0.4030520646319569,0.4650230828417543,1.1059907834101383,0.14676840215439854,0.9646017699115046,YMR216C,non_ess,non_ess
0.05491329479768786,0.010631861007865848,0.1891891891891892,2.333333333333333,0.085002043318349,0.01463790446841294,0.09476117103235747,1.040324481102148,1.039411764705882,0.1864406779661017,0.6836158192090396,YOR197W,non_ess,non_ess
0.02023121387283237,0.003198202091797044,0.054054054054054064,0.25,0.0723334695545566,0.006294964028776978,0.03327338129496403,0.4300151342340761,0.4232723577235772,0.44964028776978415,1.7985611510791366,YDR035W,non_ess,non_ess
0.04335260115606936,0.005445587345492263,0.0,0.0,0.16796076828769926,0.005961844197138315,0.02503974562798093,0.1979488138657689,0.4616013071895426,0.4686009538950716,2.847826086956522,YKR079C,ess,ess
0.0,0.0,0.0,0.0,0.0570085819370658,0.0,0.0,0.0,0.0,1.0,1.3044117647058822,YHR088W,ess,ess
0.06358381502890173,0.01486731783213761,0.21621621621621626,1.3333333333333333,0.07703310175725378,0.018628281117696863,0.14563928873835733,0.4390258961332204,1.159313725490196,0.3615580016934801,1.1326259946949602,YGR012W,non_ess,non_ess
0.031791907514450865,0.007779410493560376,0.0,0.0,0.0723334695545566,0.009892086330935251,0.08093525179856115,0.2472514296255303,0.6935143288084464,0.2589928057553957,0.9696969696969696,YBR249C,non_ess,non_ess
0.03468208092485549,0.005013397873627798,0.054054054054054064,1.0,0.20596648957907646,0.003903708523096942,0.018867924528301886,0.10650393736118276,0.2896551724137931,0.3880936890045543,2.444672131147541,YKL210W,ess,ess
0.017341040462427744,0.002333823148068113,0.027027027027027032,0.2,0.08520637515324889,0.0046118370484242895,0.0207532667179093,0.12969044790720424,0.2760942760942761,0.3274404304381245,1.9017857142857144,YGR285C,non_ess,non_ess
0.017341040462427744,0.006396404183594088,0.0,0.0,0.03902738046587659,0.009630818619582664,0.1187800963081862,0.16692457781067074,0.7868263473053891,0.2391653290529695,0.5775193798449613,YOL008W,non_ess,non_ess
0.3699421965317919,0.37868441524764457,0.16216216216216214,3.0,0.06477319166326115,0.12787212787212787,4.376623376623376,3.4009626736899463,1.75,0.08891108891108891,0.6180555555555555,YPL111W,non_ess,non_ess
0.02890173410404624,0.0018151957818307548,0.0,1.0,0.14671025745811198,0.004537205081669693,0.009528130671506351,0.2390647614234189,0.3164556962025317,0.3126134301270417,1.2259786476868326,YIL078W,ess,ess
0.02023121387283237,0.002420261042441006,0.2702702702702703,1.4285714285714286,0.03759705762157745,0.011627906976744186,0.04651162790697674,0.35017284726587056,1.3432432432432433,0.4003322259136213,0.9060150375939848,YOR367W,non_ess,non_ess
0.06647398843930635,0.01322499783905264,0.027027027027027032,2.0,0.08214139762975071,0.018312101910828025,0.12181528662420382,0.3803717464810883,0.8443794671864847,0.1552547770700637,0.7926829268292682,YKR051W,non_ess,non_ess
0.0953757225433526,0.028870256720546286,0.0,0.0,0.10931753167143443,0.019939577039274924,0.20181268882175227,0.4632209248523447,1.054414414414414,0.12870090634441084,0.7526501766784451,YOL055C,non_ess,non_ess
0.04046242774566474,0.009940357852882704,0.08108108108108109,3.0,0.1581528402125051,0.005902192242833052,0.048482293423271504,0.2783258537442804,0.4541259500542889,0.2820404721753794,1.4113924050632911,YDR034C,non_ess,non_ess
0.01445086705202312,0.0013830063099662892,0.13513513513513514,1.25,0.049856967715570084,0.00639386189258312,0.020460358056265983,0.14313116550968213,0.45,0.39130434782608703,1.137546468401487,YLR201C,non_ess,non_ess
0.03757225433526011,0.006137090500475408,0.027027027027027032,0.2,0.16775643645279936,0.005173099880620772,0.02825308396339037,0.14748507759649826,0.2360526315789474,0.2717867091126144,1.0738993710691822,YAL021C,non_ess,non_ess
0.1184971098265896,0.02532630305125767,0.0,0.0,0.08622803432774828,0.031155015197568383,0.22264437689969604,0.6725186039199246,0.6988636363636365,0.25835866261398177,1.7525773195876289,YLR085C,non_ess,non_ess
0.02023121387283237,0.0027660126199325783,0.0,1.0,0.14078463424601553,0.0033065658951346244,0.015115729806329713,0.0891655708613668,0.2591891891891892,0.480869154463864,3.3267973856209148,YBL035C,ess,ess
0.017341040462427744,0.004062581035525975,0.0,0.0,0.10114425827543932,0.003908794788273616,0.030618892508143317,0.07212314664516903,0.17614269788182835,0.5296416938110751,3.103053435114504,YJR121W,non_ess,non_ess
0.0028901734104046237,0.0010372547324747168,0.0,0.0,0.06313853698406212,0.001023541453428864,0.012282497441146366,0.03841988933885157,0.0661231884057971,0.9887410440122824,4.218340611353711,YPR176C,ess,ess
0.06358381502890173,0.025066989368138996,0.10810810810810813,2.0,0.0760114425827544,0.018867924528301886,0.24871355060034306,0.4168216848259367,0.7112676056338029,0.1680960548885077,1.031578947368421,YPR054W,non_ess,non_ess
0.017341040462427744,0.0012965684155933962,0.027027027027027032,0.3333333333333333,0.05006129955046997,0.007643312101910828,0.01910828025477707,0.19302396117682746,0.4421768707482993,0.3821656050955414,1.875,YOR157C,ess,ess
0.008670520231213872,0.0029388884086783643,0.0,0.0,0.0913363302002452,0.002156721782890007,0.02444284687275341,0.08413415689784183,0.3144712430426717,0.9769949676491732,2.299492385786802,YGL111W,ess,ess
0.11560693641618495,0.025758492523122137,0.0,1.0,0.15590519002860648,0.017101325352714837,0.12740487387772553,0.3287848558263266,0.7554200542005421,0.12911500641299695,1.606382978723404,YGL009C,non_ess,non_ess
0.01445086705202312,0.0030253263030512573,0.0,0.0,0.08663669799754803,0.0037821482602118,0.0264750378214826,0.11963030295325393,0.5555555555555556,0.6883509833585476,2.692307692307692,YHR111W,non_ess,non_ess
0.011560693641618495,0.0016423199930849686,0.32432432432432434,1.5,0.06559051900286066,0.003948667324777886,0.018756169792694958,0.09260199925243676,0.33333333333333337,0.5755182625863771,1.166,YDR392W,non_ess,non_ess
0.02023121387283237,0.002506698936813899,0.0,1.0,0.07580711074785453,0.0060189165950128975,0.024935511607910577,0.2287600560666203,0.4427880741337629,0.2820292347377472,1.3119999999999998,YHR068W,ess,ess
0.07803468208092486,0.017633330452070186,0.0,0.0,0.16836943195749898,0.01070578905630452,0.08088818398096749,0.33748725501302823,0.8464285714285715,0.14948453608247422,0.9195121951219511,YBL008W,non_ess,non_ess
0.13583815028901733,0.0337107788054283,0.027027027027027032,1.0,0.22926031875766245,0.013758782201405152,0.11416861826697892,0.4375124950019992,0.9345174973488868,0.08284543325526933,0.8601823708206687,YGR170W,non_ess,non_ess
0.1184971098265896,0.035439536692886166,0.0,1.0,0.16223947691050267,0.016858552631578948,0.16858552631578946,1.3752208211500974,1.058361391694725,0.12664473684210525,0.6525423728813559,YML035C,non_ess,non_ess
0.04046242774566474,0.030253263030512574,0.08108108108108109,0.6,0.09011033919084592,0.010196649672250544,0.25491624180626365,0.43449902707873606,0.95873573309921,0.21412964311726146,1.4134615384615383,YMR209C,non_ess,non_ess
0.15895953757225434,0.03682254300285245,0.2432432432432433,0.9,0.12321209644462608,0.02958579881656805,0.2291554599246907,0.6537052690898845,0.9420679759662812,0.07638515330823023,0.8658536585365854,YNL104C,non_ess,non_ess
0.0,0.0,0.0,0.0,0.10911319983653454,0.0,0.0,0.0,0.0,1.0,3.4345114345114345,YJL111W,ess,ess
0.060693641618497114,0.015385945198374969,0.08108108108108109,0.75,0.14241928892521455,0.009808500700607192,0.0831387202241943,0.1926162094104746,0.6695652173913045,0.13591779542269966,0.784366576819407,YNL101W,non_ess,non_ess
0.0028901734104046237,0.00017287578874578615,0.0,0.0,0.035349407437678795,0.0017574692442882249,0.0035149384885764497,0.06991798476859988,0.13333333333333336,0.9718804920913884,1.1841541755888652,YDR339C,ess,ess
0.23121387283236994,0.06405047973031376,0.054054054054054064,0.5,0.18226399673069066,0.029347028613352893,0.2718268525311812,0.8244889960591816,1.1676271611125029,0.08584005869405723,0.5120350109409191,YLL026W,non_ess,non_ess
0.005780346820809247,0.00017287578874578615,0.0,0.0,0.08745402533714754,0.0014992503748125937,0.0014992503748125937,0.04668746707727217,0.7135135135135134,1.0,1.2888888888888892,YMR268C,ess,ess
0.03757225433526011,0.014953755726510504,0.08108108108108109,0.5,0.04740498569677156,0.01742627345844504,0.2319034852546917,0.5167220959038925,0.6942246835443038,0.4571045576407507,2.2287581699346406,YPL107W,non_ess,non_ess
0.05491329479768786,0.01184199152908635,0.027027027027027032,1.0,0.08357172047404986,0.014878621769772903,0.10728269381362568,0.5490858329644888,2.027667984189723,0.20986687548942834,0.9241379310344828,YIL103W,non_ess,non_ess
0.0028901734104046237,0.0002593136831186792,0.054054054054054064,0.4,0.13731099305271766,0.00048402710551790896,0.001452081316553727,0.012715522880092095,0.04670459933617828,0.6650532429816071,3.0807174887892383,YHR020W,ess,ess
0.04624277456647399,0.006309966289221194,0.08108108108108109,1.5,0.0968532897425419,0.010869565217391304,0.049592391304347824,0.5092155009451795,1.1980676328502409,0.3220108695652174,1.1285714285714286,YNL022C,non_ess,non_ess
0.09826589595375723,0.021263722015731696,0.0,1.0,0.085002043318349,0.02619414483821264,0.18952234206471494,0.8652757797267396,1.5442338072669826,0.18875192604006166,0.8506944444444444,YHR176W,non_ess,non_ess
0.07803468208092486,0.014521566254646038,0.0,0.0,0.1538618716796077,0.011693373754872241,0.07275877003031615,0.19078514143190345,0.6371416701287911,0.1905586834127328,1.257142857142857,YOL006C,non_ess,non_ess
0.005780346820809247,0.0006915031549831446,0.0,0.0,0.06300231576079554,0.002051282051282052,0.008205128205128205,0.03855107855107855,0.2717460317460317,1.0,3.4821428571428568,YMR143W,non_ess,ess
0.08092485549132948,0.02005359149451119,0.0,0.0,0.0968532897425419,0.019021739130434784,0.15760869565217392,0.33871134936618885,0.8759713391865979,0.1766304347826087,0.9252669039145908,YDR523C,non_ess,non_ess
0.10404624277456646,0.033624340911055414,0.054054054054054064,0.5,0.23641193297915816,0.01022436807725078,0.11047997727918203,0.18913695527185329,0.7498257839721256,0.20619142289122408,1.1255813953488372,YGL006W,non_ess,non_ess
0.011560693641618495,0.001210130521220503,0.08108108108108109,0.5,0.05292194523906825,0.004836759371221282,0.016928657799274487,0.07693979864951156,0.4847512038523274,0.3603385731559855,1.6021505376344083,YOR278W,ess,ess
0.0722543352601156,0.02204166306508773,0.054054054054054064,2.0,0.2178177360032693,0.0076970443349753705,0.07850985221674876,0.2180829228243021,0.8068783068783068,0.2312192118226601,0.8270925110132158,YKL020C,non_ess,non_ess
0.026011560693641616,0.003457515774915723,0.027027027027027032,1.0,0.13792398855741725,0.004337349397590362,0.01927710843373494,0.2071536144578313,0.5687500000000001,0.3383132530120482,1.319548872180451,YIL144W,ess,ess
0.017341040462427744,0.0067421557610856594,0.027027027027027032,1.0,0.02697180220678382,0.01345291479820628,0.17488789237668162,0.4907923789579113,0.7360406091370558,0.35201793721973096,0.9181286549707602,YHR051W,non_ess,non_ess
0.0028901734104046237,0.00017287578874578615,0.0,0.0,0.0425010216591745,0.001483679525222552,0.002967359050445104,0.03274876017783618,0.2698961937716263,0.6572700296735905,0.7009493670886077,YKL041W,non_ess,ess
0.11560693641618495,0.026622871466851068,0.0,0.0,0.09664895790764202,0.02722940776038121,0.20966643975493526,1.2122345351864132,0.9530856889151992,0.09326072157930564,0.4065281899109792,YPR138C,non_ess,non_ess
0.03757225433526011,0.0045812084017633325,0.0,1.0,0.17981201471189212,0.00483271375464684,0.019702602230483268,0.07984324815296884,0.19290130524387453,0.27360594795539034,2.152046783625732,YDR074W,non_ess,non_ess
0.011560693641618495,0.0018151957818307548,0.0,1.0,0.1158561503882305,0.002284408909194746,0.011993146773272416,0.04531245303435631,0.1432748538011696,0.9468874928612222,3.3836734693877566,YKL012W,ess,ess
0.017341040462427744,0.003198202091797044,0.027027027027027032,0.3333333333333333,0.13669799754801798,0.002916869227029655,0.017987360233349542,0.14795819154107925,0.37875,0.9615945551774427,4.81265206812652,YOR249C,ess,ess
0.01445086705202312,0.00112369262684761,0.0,1.0,0.14323661626481407,0.0023223409196470052,0.006038086391082211,0.08323758769892682,0.17690058479532164,0.5178820250812819,4.93362831858407,YKL104C,ess,ess
0.11560693641618495,0.029821073558648114,0.0,0.0,0.33346955455659993,0.008087343307723413,0.06975333602911442,0.14459406427171564,0.6171999092353074,1.0,7.3491827637444285,YOR093C,non_ess,non_ess
0.10404624277456646,0.03431584406603855,0.21621621621621626,2.0,0.07315079689415611,0.03202846975088968,0.35320284697508897,0.6316864991103204,0.7444852941176472,1.0,7.594594594594594,YPL001W,non_ess,non_ess
0.023121387283236997,0.011064050479730312,0.0,0.0,0.01736820596648958,0.026229508196721308,0.4196721311475409,0.7833666533386645,0.9322493224932248,0.7639344262295082,1.8943089430894309,YDR377W,non_ess,non_ess
0.04335260115606936,0.00786584838793327,0.08108108108108109,3.0,0.09562729873314264,0.010316368638239341,0.06258596973865199,0.31464924346629985,0.6049213943950785,0.202888583218707,1.0314685314685317,YOL030W,non_ess,non_ess
0.12427745664739885,0.03137695565736018,0.21621621621621626,8.0,0.27891295463833266,0.010373944511459593,0.08757539203860072,0.21029216331704528,0.8281972265023111,1.0,7.049319727891157,YBL047C,non_ess,non_ess
0.017341040462427744,0.0018151957818307548,0.027027027027027032,0.5,0.09419697588884347,0.0041870202372644785,0.014654570830425682,0.10789202478937812,0.15452538631346582,0.4270760642009771,1.9490445859872607,YER019W,non_ess,non_ess
0.0028901734104046237,0.00017287578874578615,0.0,0.0,0.0696771557008582,0.0009319664492078283,0.001863932898415657,0.024464119291705496,0.20988805970149246,1.0,2.3950892857142856,YER127W,ess,ess
0.10693641618497107,0.02411617253003717,0.32432432432432434,1.7142857142857142,0.09113199836534533,0.026657060518731988,0.2010086455331412,0.4203060546985365,0.957244008714597,0.14121037463976946,0.6202531645569621,YML005W,non_ess,non_ess
0.026011560693641616,0.003889705246780188,0.0,0.0,0.047132543250238385,0.012129380053908356,0.060646900269541774,0.22162023053271748,0.7620603015075376,0.3975741239892183,1.6388888888888888,YGL183C,non_ess,non_ess
0.05202312138728323,0.01184199152908635,0.08108108108108109,6.0,0.10911319983653454,0.010895883777239709,0.08292978208232446,0.3557335805084745,1.4238281249999998,0.20823244552058112,1.1821305841924399,YMR171C,non_ess,non_ess
0.29479768786127164,0.101045898521912,0.13513513513513514,1.25,0.13342868818961995,0.0507715281234445,0.5818815331010453,1.1469652387043117,0.7904089581304772,0.20457939273270284,0.9383561643835616,YKL029C,non_ess,non_ess
0.031791907514450865,0.006655717866712767,0.08108108108108109,0.75,0.13812832039231712,0.005293551491819057,0.0370548604427334,0.2564318501517731,0.3334030100334448,0.368623676612127,3.3160173160173168,YDR314C,non_ess,non_ess
0.031791907514450865,0.0076929725991874845,0.16216216216216214,1.0,0.03902738046587659,0.01765650080256822,0.14285714285714285,0.5618085255367512,0.6303562209602478,1.0,3.75301204819277,YPL041C,non_ess,non_ess
0.06358381502890173,0.009681044169764024,0.21621621621621626,2.6666666666666665,0.07315079689415611,0.019572953736654804,0.099644128113879,0.4916963226571768,1.392857142857143,0.2393238434163701,0.8176291793313071,YMR289W,non_ess,non_ess
0.09248554913294796,0.014175814677154463,0.0,0.0,0.1863506334286882,0.01148600143575018,0.058865757358219674,0.4189893567214957,0.7588932806324109,1.0,14.28717948717949,YKL171W,non_ess,non_ess
0.02023121387283237,0.0087302273316622,0.054054054054054064,0.5,0.04331834899877402,0.010204081632653059,0.14723032069970846,0.3979021776308289,1.847765363128492,0.3469387755102041,0.7190332326283988,YHR181W,non_ess,non_ess
0.12716763005780346,0.053591494511193716,0.0,1.0,0.2466285247241521,0.011985834922364479,0.1688913102696813,0.3377185251654462,0.8337595907928389,0.3108144919640425,1.5152722443559097,YPL110C,non_ess,non_ess
0.04046242774566474,0.0047540841905091185,0.0,1.0,0.07110747854515734,0.01279707495429616,0.050274223034734916,0.38323425790282944,1.1589403973509935,0.20383912248628885,1.056872037914692,YPL236C,non_ess,non_ess
0.05491329479768786,0.0067421557610856594,0.027027027027027032,1.0,0.18022067838169187,0.00704747774480712,0.028931750741839762,0.1468863986123983,0.4222876171300241,0.20771513353115728,1.6867469879518069,YGL163C,non_ess,non_ess
0.049132947976878616,0.011582677845967672,0.2972972972972973,1.8333333333333333,0.047132543250238385,0.02291105121293801,0.18059299191374664,0.603679558703692,0.8283499446290142,0.16442048517520216,0.9838709677419356,YDR305C,non_ess,non_ess
0.02023121387283237,0.0030253263030512573,0.08108108108108109,0.75,0.05741724560686556,0.007838745800671894,0.03919372900335946,0.17863740957564933,0.4089581304771178,0.4423292273236282,1.6737288135593222,YNL305C,non_ess,non_ess
0.0838150289017341,0.025672054628749243,0.2972972972972973,1.8333333333333333,0.026767470371883945,0.0654627539503386,0.6704288939051919,1.1870997008219295,0.7437320574162681,0.1963882618510158,1.4032258064516128,YFR033C,non_ess,non_ess
0.02890173410404624,0.009853919958509809,0.21621621621621626,1.6,0.08970167552104619,0.007315288953913678,0.08339429407461595,0.2415082984430368,0.7364975450081833,0.3423555230431602,0.7428571428571428,YNL206C,non_ess,non_ess
0.008670520231213872,0.0018151957818307548,0.027027027027027032,0.3333333333333333,0.020024519820187988,0.008720930232558141,0.061046511627906974,0.23858815210559395,0.8462837837837838,0.6918604651162791,1.1173708920187797,YNL135C,non_ess,non_ess
0.10693641618497107,0.037341170369089814,0.08108108108108109,1.5,0.13179403351042093,0.018639798488664986,0.217632241813602,0.5071240827948746,0.7716507599858607,0.14105793450881612,1.5469613259668509,YNL279W,non_ess,non_ess
0.02023121387283237,0.013397873627798429,0.0,0.0,0.0253371475275848,0.016587677725118485,0.36729857819905215,0.9194097371822492,0.4242424242424244,0.8483412322274881,2.46896551724138,YDR437W,ess,ess
0.1329479768786127,0.03708185668597113,0.027027027027027032,1.0,0.1385369840621169,0.02207293666026872,0.2058541266794625,0.5522913939624126,0.8365077997069722,0.16410748560460653,0.8142857142857144,YPR008W,non_ess,non_ess
0.06358381502890173,0.007952286282306162,0.054054054054054064,1.0,0.2278299959133633,0.006480117820324006,0.02709867452135493,0.1704901794674626,0.6439754935330158,0.34609720176730485,1.5064102564102564,YAL019W,non_ess,non_ess
0.1676300578034682,0.029388884086783643,0.0,1.0,0.3193706579485084,0.012238868959696137,0.07174509390166701,0.2939102299451667,0.5738897619463361,0.1050854610677358,1.1857142857142855,YNR031C,non_ess,non_ess
0.02023121387283237,0.008211599965424842,0.0,0.0,0.06129955046996322,0.00736842105263158,0.1,0.3233802816901408,0.34917840375586856,1.0,5.0,YNR054C,ess,ess
0.008670520231213872,0.0008643789437289308,0.0,0.0,0.06252554147936247,0.003099173553719009,0.010330578512396695,0.055933646661209833,0.1596215286311133,0.918388429752066,2.591836734693877,YCR002C,non_ess,ess
0.04046242774566474,0.008298037859797734,0.027027027027027032,2.0,0.10257458111973848,0.008997429305912597,0.06169665809768636,0.19494430162810625,0.880503144654088,0.31426735218509005,0.7593167701863355,YKL116C,non_ess,non_ess
0.05202312138728323,0.011582677845967672,0.10810810810810813,0.6666666666666666,0.08282250374608363,0.014218009478672985,0.10584518167456557,0.7280147446024223,1.4404761904761902,0.2669826224328594,1.0464396284829722,YHR123W,non_ess,non_ess
0.011560693641618495,0.0010372547324747168,0.054054054054054064,0.6666666666666666,0.1185124642419289,0.00223463687150838,0.0067039106145251395,0.05859453102028815,0.2418988648090815,0.6731843575418994,3.121761658031088,YGR246C,ess,ess
0.2283236994219653,0.04650358717261648,0.027027027027027032,0.5,0.3124233755619125,0.01703687729135217,0.116023290920854,0.4729064454388613,0.8554687500000001,0.0914384300194091,1.3993399339933994,YML072C,non_ess,non_ess
0.04046242774566474,0.012619932578442388,0.16216216216216214,1.5,0.038823048630976714,0.022580645161290318,0.23548387096774195,0.5490107526881721,0.5559420289855073,0.3564516129032258,2.7625,YJR073C,non_ess,non_ess
0.011560693641618495,0.0017287578874578616,0.054054054054054064,4.0,0.0407301457567089,0.006172839506172839,0.0308641975308642,0.1997285243358541,0.3204188481675393,0.492283950617284,1.7058823529411764,YER007C-A,non_ess,non_ess
0.17630057803468208,0.04183594087648025,0.16216216216216214,0.6666666666666666,0.2913771965672252,0.014094269870609981,0.11182994454713494,0.4626150454405422,0.8183396464646464,0.09242144177449167,1.075268817204301,YJR137C,non_ess,non_ess
0.011560693641618495,0.00449477050739044,0.0,0.0,0.11463015937883125,0.002308136180034622,0.030005770340450086,0.054041806267616906,0.3350785340314136,0.8240046162723601,2.238244514106583,YGR278W,ess,ess
0.1184971098265896,0.02826519145993604,0.08108108108108109,0.75,0.2037188393951778,0.013482407102926669,0.107530417625781,0.3851009385146296,0.9739463601532568,0.26274251890825384,1.604417670682731,YPL183C,non_ess,non_ess
0.03757225433526011,0.012014867317832138,0.027027027027027032,1.0,0.07846342460155292,0.010815307820299502,0.11564059900166387,0.5291695970633138,2.0773195876288657,0.26622296173044924,0.837696335078534,YHR075C,non_ess,non_ess
0.05491329479768786,0.017114703085832832,0.32432432432432434,1.0909090909090908,0.0570085819370658,0.021420518602029308,0.22322435174746336,0.6222096956031566,1.65,0.3585118376550169,0.8736263736263736,YBR037C,non_ess,non_ess
0.05780346820809248,0.014953755726510504,0.054054054054054064,0.6666666666666666,0.07539844707805476,0.01728608470181504,0.1495246326707001,0.4168440425358085,0.6885572139303483,0.13396715643906654,0.5636363636363637,YML027W,non_ess,non_ess
0.008670520231213872,0.0009508168381018238,0.0,0.0,0.09542296689824276,0.0020675396278428677,0.007580978635423845,0.04821078301436674,0.18009049773755653,0.4079944865609924,2.2089552238805967,YLR175W,ess,ess
0.02890173410404624,0.006915031549831446,0.027027027027027032,0.3333333333333333,0.09072333469554557,0.00723589001447178,0.05788712011577424,0.0900516250041198,0.2642216306812579,0.5397973950795948,2.486666666666667,YDR004W,non_ess,non_ess
0.0838150289017341,0.021868787276341943,0.027027027027027032,1.0,0.18083367388639152,0.010720887245841035,0.0935304990757856,0.4631678549423466,0.8822751322751321,0.12532347504621072,0.6197440585009141,YDL154W,non_ess,non_ess
0.04335260115606936,0.015904572564612324,0.0,0.0,0.09194932570494484,0.010714285714285714,0.13142857142857142,0.1905425584868093,1.2177700348432057,0.3314285714285714,0.5778331257783311,YKL184W,non_ess,non_ess
0.008670520231213872,0.0003457515774915723,0.0,0.0,0.15590519002860648,0.0012825994014536127,0.0017101325352714837,0.07565791168092638,0.17921686746987955,0.6900384779820437,4.225130890052356,YLR277C,ess,ess
0.05491329479768786,0.01486731783213761,0.5405405405405406,2.5,0.1348590110339191,0.00935960591133005,0.08472906403940887,0.3531062834461495,0.7258744728355246,0.20098522167487684,1.2592592592592593,YPL089C,non_ess,non_ess
0.04624277456647399,0.007174345232950125,0.1891891891891892,7.0,0.1375153248876175,0.007733204446592556,0.04011599806669889,0.20942142546782472,1.2282828282828284,0.5659739004349927,0.993214588634436,YDR332W,non_ess,non_ess
0.060693641618497114,0.014089376782781571,0.16216216216216214,3.0,0.1409889660809154,0.00990566037735849,0.07688679245283019,0.3331429990069513,1.112487100103199,0.17641509433962266,0.6515679442508711,YER113C,non_ess,non_ess
0.049132947976878616,0.007433658916068805,0.054054054054054064,0.6666666666666666,0.04372701266857377,0.024566473988439308,0.12427745664739885,0.8933422791081751,1.1991071428571431,0.2239884393063584,1.4903846153846154,YLR168C,non_ess,non_ess
0.023121387283236997,0.006482842077966981,0.13513513513513514,2.5,0.06375153248876175,0.008113590263691683,0.07606490872210954,0.19601524141722432,1.0778816199376948,0.6359026369168357,1.482269503546099,YPR128C,non_ess,non_ess
0.02890173410404624,0.005272711556746477,0.0,0.0,0.2108704536166735,0.003178639542275906,0.019389701207883026,0.06592319332396157,0.28169014084507044,0.4405594405594406,2.2684124386252047,YJR132W,non_ess,non_ess
0.04624277456647399,0.006137090500475408,0.0,0.0,0.1021659174499387,0.01032258064516129,0.045806451612903226,0.25870467616904225,0.4961240310077519,0.20258064516129032,1.022801302931596,YKL047W,non_ess,non_ess
0.06647398843930635,0.012619932578442388,0.21621621621621626,2.6666666666666665,0.10461789946873724,0.014501891551071878,0.09205548549810844,0.3376869032606737,0.8124018838304552,0.17402269861286254,1.7358490566037736,YDL170W,non_ess,non_ess
0.10115606936416184,0.0236839830581727,0.0,1.0,0.20698814875357585,0.011330527678860471,0.08870184525736484,0.3672499282125567,0.9105242412297992,0.16833926837164132,1.2037037037037035,YHR082C,non_ess,non_ess
0.07803468208092486,0.016163886247731005,0.027027027027027032,0.5,0.12791172864732325,0.014004149377593363,0.09699170124481328,0.34757435063154624,1.0064384954252796,0.26348547717842324,1.200945626477541,YGR054W,non_ess,non_ess
0.05202312138728323,0.02221453885383352,0.0,1.0,0.22313036371066614,0.005411906193625977,0.0772699939867709,0.16668268704160305,0.4182156133828996,0.153337342152736,1.080508474576271,YBR059C,non_ess,non_ess
0.04624277456647399,0.00786584838793327,0.027027027027027032,1.0,0.10809154066203516,0.009773976786805132,0.055589492974954184,0.39586109675297215,0.3989389920424404,0.2467929138668296,1.3694915254237288,YPL256C,non_ess,non_ess
0.026011560693641616,0.0047540841905091185,0.0,0.0,0.10114425827543932,0.0058631921824104215,0.035830618892508145,0.18738762214983712,0.5099999999999999,0.31205211726384363,1.5015673981191222,YMR131C,ess,ess
0.06936416184971098,0.010718298902238741,0.027027027027027032,1.0,0.1908459337964855,0.008415147265077139,0.043478260869565216,0.2653741440475208,0.588235294117647,0.17461430575035064,0.8397976391231029,YGR100W,non_ess,non_ess
0.0,0.0,0.0,0.0,0.012464241928892523,0.0,0.0,0.0,0.0,1.0,2.377551020408163,YFL017W-A,ess,ess
0.023121387283236997,0.0037168294580344026,0.0,1.0,0.07744176542705354,0.006739679865206402,0.03622577927548441,0.13162109034055114,1.081081081081081,0.7093513058129739,0.8627049180327868,YOR184W,non_ess,non_ess
0.05491329479768786,0.009681044169764024,0.2702702702702703,1.6666666666666667,0.0723334695545566,0.0170863309352518,0.10071942446043164,0.3395360634569268,1.043956043956044,0.24550359712230216,0.892156862745098,YMR139W,non_ess,non_ess
0.005780346820809247,0.0004321894718644654,0.027027027027027032,1.0,0.03555373927257867,0.0034965034965034965,0.008741258741258742,0.12136250845928265,0.5878136200716846,0.5,0.8362573099415205,YGL231C,non_ess,non_ess
0.03468208092485549,0.006309966289221194,0.13513513513513514,1.6666666666666667,0.16836943195749898,0.004758128469468675,0.02894528152260111,0.11074954196177088,0.3007662835249042,0.5182394924662966,4.822878228782288,YKL022C,ess,ess
0.11560693641618495,0.03578528827037773,0.08108108108108109,3.0,0.11381283203923173,0.023242300987797792,0.24055781522370714,0.9982568274259151,1.0666666666666669,0.08367228355607205,0.5274725274725275,YLL012W,non_ess,non_ess
0.04335260115606936,0.006569279972339874,0.21621621621621626,2.6666666666666665,0.12511919357035828,0.007949125596184421,0.0402755696873344,0.2796594548512707,0.9375,0.17753047164811872,0.6158088235294118,YOR239W,non_ess,non_ess
0.03757225433526011,0.00561846313423805,0.0,0.0,0.25561912545974663,0.003418353931107021,0.0170917696555351,0.17730853216568154,0.6553245116572148,0.22219300552195634,1.8055555555555558,YMR128W,ess,ess
0.017341040462427744,0.002074509464949433,0.0,0.0,0.07989374744585206,0.004905968928863451,0.019623875715453803,0.15843591438076146,0.7534246575342466,0.4178250204415372,1.5674846625766867,YMR235C,ess,ess
0.026011560693641616,0.005186273662373585,0.13513513513513514,2.5,0.05714480316033239,0.010123734533183352,0.06749156355455567,0.2667867383629069,1.430635838150289,0.3779527559055118,0.8682170542635659,YIL133C,non_ess,non_ess
0.011560693641618495,0.0018151957818307548,0.054054054054054064,0.6666666666666666,0.08581937065794852,0.003053435114503817,0.01603053435114504,0.07195030684029337,0.3877995642701525,0.8282442748091603,2.237113402061856,YPR163C,non_ess,non_ess
0.05780346820809248,0.013830063099662893,0.1891891891891892,0.875,0.08745402533714754,0.014992503748125937,0.1199400299850075,0.3322706877608127,0.9827517047733652,0.2368815592203898,1.6040609137055837,YLR303W,non_ess,non_ess
0.05780346820809248,0.006655717866712767,0.0,1.0,0.17899468737229265,0.007468259895444362,0.028752800597460788,0.18552729845524946,0.8625730994152049,0.3700522778192681,3.3033333333333332,YJR036C,non_ess,non_ess
0.0028901734104046237,8.643789437289306e-05,0.0,0.0,0.0760114425827544,0.0008576329331046312,0.0008576329331046312,0.011707395084995027,0.029798903107861062,0.9622641509433962,6.064864864864867,YMR005W,ess,ess
0.02890173410404624,0.005359149451119371,0.0,0.0,0.13710666121781775,0.004847309743092582,0.030053320407174018,0.15202706776346092,0.4391088038070517,0.3504604944255938,1.8976377952755905,YMR108W,non_ess,non_ess
0.04335260115606936,0.0076929725991874845,0.0,1.0,0.03330608908868002,0.027829313543599257,0.16512059369202226,0.999867479459316,1.875,0.16883116883116886,0.5986842105263158,YBR137W,non_ess,non_ess
0.023121387283236997,0.0016423199930849686,0.08108108108108109,6.0,0.07008581937065796,0.007414272474513438,0.017608897126969416,0.2165956132221193,0.4078431372549021,0.5199258572752549,2.157692307692308,YJR139C,non_ess,non_ess
0.0953757225433526,0.028783818826173393,0.13513513513513514,1.6666666666666667,0.08398038414384963,0.025720966484801246,0.2595479345284489,0.4815099708311919,0.8310043668122271,0.18550272798129386,1.4251497005988023,YCL011C,non_ess,non_ess
0.10404624277456646,0.029388884086783643,0.0,1.0,0.13731099305271766,0.017424975798644726,0.16456921587608905,0.33394371289611496,0.7048192771084338,0.13746369796708616,0.7654986522911049,YJR110W,non_ess,non_ess
0.04335260115606936,0.01823839571268044,0.027027027027027032,0.5,0.0606865549652636,0.015940488841657812,0.22422954303931988,0.3914894881951205,0.9440559440559442,0.3868225292242296,0.3868225292242296,YGR282C,non_ess,non_ess
0.12716763005780346,0.0325006482842078,0.16216216216216214,0.6,0.1791990192071925,0.01641178664677359,0.1402461767997016,0.5381048929045487,1.1559716140721727,0.18798955613577026,0.8873239436619718,YNR047W,non_ess,non_ess
0.06647398843930635,0.013570749416544212,0.21621621621621626,1.3333333333333333,0.06007355946056396,0.02467811158798283,0.1684549356223176,0.6791794155697476,0.6673869424293871,1.0,3.0657894736842106,YPL134C,non_ess,non_ess
0.023121387283236997,0.004840522084882012,0.054054054054054064,0.6666666666666666,0.0813240702901512,0.006430868167202572,0.04501607717041802,0.22096852772093928,0.30707070707070705,0.4983922829581994,1.2301587301587302,YGR159C,non_ess,non_ess
0.005780346820809247,0.0006050652606102515,0.0,0.0,0.03637106661217818,0.003424657534246575,0.011986301369863013,0.10922743129413767,0.2498274672187716,0.464041095890411,1.7947019867549672,YOL146W,ess,ess
0.08959537572254335,0.02489411357939321,0.054054054054054064,4.0,0.15324887617490807,0.013478260869565216,0.12521739130434786,0.8426608695652174,0.8381481481481481,0.25782608695652176,0.8156808803301239,YOR140W,non_ess,non_ess
0.08670520231213873,0.012533494684069495,0.0,0.0,0.2662443808745402,0.007577671129072998,0.03662541045718616,0.2638985080950713,0.8073732718894009,0.11012882040919424,0.9396551724137928,YIL030C,non_ess,non_ess
0.12716763005780346,0.036131039847869306,0.16216216216216214,1.2,0.06559051900286066,0.04343534057255676,0.4126357354392892,1.055744706569696,1.6366030283080977,0.10661401776900296,0.8437500000000001,YKL151C,non_ess,non_ess
0.008670520231213872,0.0008643789437289308,0.0,0.0,0.07580711074785453,0.002579535683576957,0.008598452278589856,0.06223434986749704,0.10195010037281332,0.7901977644024075,2.1077981651376145,YEL046C,non_ess,ess
0.017341040462427744,0.002333823148068113,0.0,0.0,0.08418471597874949,0.004665629860031105,0.020995334370139968,0.1566621558845509,0.352504638218924,0.4276827371695179,2.2357723577235773,YDR300C,non_ess,non_ess
0.04624277456647399,0.009681044169764024,0.054054054054054064,1.0,0.15345320800980794,0.006947459834997829,0.0486322188449848,0.1744909385926823,0.6616541353383458,0.3634389926183239,2.4617647058823526,YER091C,non_ess,non_ess
0.0028901734104046237,8.643789437289306e-05,0.0,1.0,0.0588475684511647,0.0010940919037199122,0.0010940919037199122,0.0180819274840592,0.7258064516129031,0.9332603938730852,1.0556930693069306,YJR007W,ess,ess
0.06358381502890173,0.009248854697899558,0.054054054054054064,1.0,0.11973845525132815,0.012168141592920356,0.059181415929203535,0.3729267546056659,1.0440251572327044,0.13550884955752213,0.6712328767123288,YHR202W,non_ess,non_ess
0.005780346820809247,0.0010372547324747168,0.054054054054054064,1.0,0.032080098079280764,0.003838771593090211,0.023032629558541268,0.1368669717997933,0.4205128205128205,0.90595009596929,1.8084291187739463,YPL148C,non_ess,non_ess
0.02023121387283237,0.003284639986169937,0.054054054054054064,0.6666666666666666,0.05230894973436862,0.008557457212713936,0.04645476772616137,0.1950924406336872,1.241780821917808,0.5660146699266504,0.8282647584973166,YGR152C,non_ess,non_ess
0.0028901734104046237,0.0007779410493560378,0.0,0.0,0.15406620351450756,0.00043252595155709344,0.0038927335640138406,0.016938923312142917,0.050489596083231336,0.5358996539792388,2.815909090909092,YJL033W,ess,ess
0.031791907514450865,0.005445587345492263,0.10810810810810813,1.0,0.2053534940743768,0.003588907014681892,0.020554649265905386,0.1232068078236155,0.6426116838487973,0.5008156606851549,2.986381322957198,YGR188C,non_ess,non_ess
0.10693641618497107,0.02809231567119025,0.1891891891891892,0.5384615384615384,0.036575398447078064,0.06303236797274275,0.5536626916524702,1.0955702627692063,1.8090868060779297,0.17546848381601365,1.0729166666666667,YDL125C,non_ess,non_ess
0.11560693641618495,0.05739476186360099,0.1891891891891892,1.1666666666666667,0.13322435635472007,0.019940179461615155,0.3310069790628116,0.5633909083560129,0.8648648648648649,0.1625124626121635,1.1642857142857144,YLR401C,non_ess,non_ess
0.06936416184971098,0.01149623995159478,0.0,1.0,0.29628116060482224,0.005454545454545455,0.030227272727272724,0.1941218005295675,0.4803270311701584,0.2134090909090909,1.4401840490797544,YLL021W,non_ess,non_ess
0.03757225433526011,0.013570749416544212,0.08108108108108109,6.0,0.10931753167143443,0.00785498489425982,0.09486404833836858,0.18783955219000534,0.5909090909090909,0.3516616314199396,1.9207920792079205,YKR017C,non_ess,non_ess
0.07803468208092486,0.018151957818307547,0.054054054054054064,2.0,0.19002860645688602,0.009507042253521126,0.07394366197183097,0.21422155688622754,0.7895209580838324,0.16338028169014085,1.7984496124031006,YBR086C,non_ess,non_ess
0.06358381502890173,0.0060506526061025155,0.2432432432432433,1.5,0.13628933387821826,0.010726474890297415,0.034129692832764506,0.4099301153908662,1.1964912280701754,0.3081423695758167,2.0191693290734825,YKL017C,non_ess,non_ess
0.03757225433526011,0.005013397873627798,0.13513513513513514,5.0,0.1356763383735186,0.006366307541625857,0.02840352595494613,0.1654967896397867,0.8632478632478632,0.19980411361410386,0.8464730290456433,YKL126W,non_ess,non_ess
0.0,0.0,0.0,1.0,0.16571311810380054,0.0,0.0,0.0,0.0,1.0,2.515704154002026,YJL087C,ess,ess
0.008670520231213872,0.0006915031549831446,0.0,0.0,0.051287290559869234,0.003735990037359901,0.0099626400996264,0.19122521314302132,0.2934065934065934,0.5790784557907845,3.369565217391304,YPR183W,ess,ess
0.02890173410404624,0.0044083326130175465,0.0,0.0,0.10829587249693504,0.006097560975609756,0.031097560975609763,0.13471620697515388,0.38221902707884026,0.2390243902439025,1.2894736842105263,YNL154C,non_ess,non_ess
0.02023121387283237,0.006309966289221194,0.054054054054054064,0.6666666666666666,0.0778504290968533,0.00586756077116513,0.06119027661357921,0.15708822296730932,0.32083333333333336,0.5800502933780386,1.8404255319148937,YOL018C,non_ess,non_ess
0.0838150289017341,0.02610424410061371,0.16216216216216214,0.75,0.14446260727421334,0.013357899585444496,0.13910640257945647,0.3659065764947461,1.2346832814122537,0.136803316444035,1.1165413533834587,YDR333C,non_ess,non_ess
0.026011560693641616,0.0028524505143054713,0.0,0.0,0.17225173682059666,0.003489724699495929,0.012795657231485073,0.0930689388865567,0.3923553719008264,0.3854207056998837,2.175054704595186,YLR115W,ess,ess
0.0953757225433526,0.022819604114443767,0.054054054054054064,0.6666666666666666,0.05046996322026972,0.04171934260429835,0.33375474083438683,2.236434892541088,0.8864705882352941,0.1276864728192162,0.7769230769230769,YLR414C,non_ess,non_ess
0.023121387283236997,0.00224738525369522,0.08108108108108109,0.6,0.0886800163465468,0.005917159763313609,0.019230769230769232,0.12884138194311892,0.4423963133640553,0.3010355029585799,1.0462724935732648,YOR155C,non_ess,non_ess
0.04624277456647399,0.012619932578442388,0.08108108108108109,3.0,0.1348590110339191,0.007881773399014778,0.07192118226600985,0.17752436851483072,0.3849427168576105,0.1541871921182266,1.7683615819209038,YOL023W,non_ess,non_ess
0.0953757225433526,0.015299507304002076,0.10810810810810813,4.0,0.1438496117695137,0.015263644773358002,0.0818686401480111,0.8314704581104452,0.4832951945080091,0.18085106382978725,1.5333333333333334,YPR159W,non_ess,non_ess
0.05202312138728323,0.012101305212205031,0.10810810810810813,1.3333333333333333,0.07928075194115244,0.014827018121911038,0.11532125205930807,0.4373970345963756,0.8717805151175813,0.17380560131795714,0.7757352941176471,YLR107W,non_ess,non_ess
0.026011560693641616,0.004667646296136226,0.0,0.0,0.14691458929301185,0.0040779338468509285,0.024467603081105568,0.1709403290088124,0.8293135435992578,0.621658359764386,2.063157894736842,YGR186W,ess,ess
0.08670520231213873,0.06258103552597459,0.7297297297297298,2.4545454545454546,0.012872905598692277,0.12552301255230125,3.0292887029288704,2.487488719337107,1.9230769230769231,1.0,5.085106382978722,YDR525W-A,non_ess,non_ess
0.026011560693641616,0.00760653470481459,0.0,1.0,0.0406620351450756,0.013910355486862442,0.13601236476043274,0.42662455480142464,0.5765217391304348,0.4173106646058733,1.6666666666666663,YEL024W,non_ess,non_ess
0.03468208092485549,0.01633676203647679,0.054054054054054064,0.4,0.07519411524315489,0.010398613518197573,0.1637781629116118,0.37740422489122666,0.8631368631368632,0.2261698440207973,0.9422382671480144,YMR272C,non_ess,non_ess
0.005780346820809247,0.0005186273662373584,0.0,0.0,0.12259910093992644,0.001081081081081081,0.003243243243243243,0.028804258804258805,0.10064935064935064,0.907027027027027,2.1001251564455568,YLL004W,ess,ess
0.03468208092485549,0.010804736796611637,0.0,0.0,0.11013485901103393,0.007198560287942413,0.07498500299940011,0.2115891428455882,0.6496424923391215,0.1913617276544691,0.8439153439153438,YNL219C,non_ess,non_ess
0.02890173410404624,0.007260783127323019,0.10810810810810813,2.0,0.04658765835717205,0.013623978201634877,0.11444141689373295,0.42876763917502936,1.0975609756097562,0.3828337874659401,1.1195219123505975,YIR030C,non_ess,non_ess
0.011560693641618495,0.0005186273662373584,0.0,0.0,0.08581937065794852,0.003053435114503817,0.004580152671755725,0.11114503816793893,0.4313479623824451,0.7374045801526717,1.8260869565217392,YBR236C,ess,ess
0.011560693641618495,0.001210130521220503,0.0,1.0,0.08295872496935024,0.003154574132492113,0.011041009463722398,0.1276522190052288,0.2908324552160169,0.8619873817034699,1.6998444790046656,YDL150W,ess,ess
0.017341040462427744,0.01045898521912006,0.16216216216216214,1.0,0.08214139762975071,0.004777070063694267,0.0963375796178344,0.2118173194199756,0.5691489361702128,0.303343949044586,1.7557603686635948,YOR245C,non_ess,non_ess
0.023121387283236997,0.0049269599792549044,0.0,0.0,0.12975071516142214,0.004092071611253197,0.029156010230179025,0.08981800659772415,0.2961562696912413,0.3069053708439898,1.3157894736842106,YGR083C,ess,ess
0.05202312138728323,0.007347221021695911,0.10810810810810813,1.3333333333333333,0.051491622394769114,0.022332506203473945,0.1054590570719603,0.6726373391615861,1.379375591296121,0.22084367245657568,0.8317757009345794,YHR200W,non_ess,non_ess
0.0838150289017341,0.014262252571527356,0.0,0.0,0.2374335921536576,0.008201357466063349,0.04666289592760181,0.20900125997866312,0.7102642276422764,0.11312217194570134,0.6015037593984962,YGR233C,non_ess,non_ess
0.04624277456647399,0.006396404183594088,0.2702702702702703,3.333333333333333,0.07723743359215368,0.013513513513513514,0.0625,0.3126499280345434,0.491579426490669,0.2204391891891892,1.0275590551181102,YIL042C,non_ess,non_ess
0.06936416184971098,0.011409802057221884,0.0,1.0,0.11340416836943196,0.013994169096209912,0.07696793002915453,0.6924489795918367,3.1166666666666663,0.15685131195335278,0.5809935205183586,YDL210W,non_ess,non_ess
0.01445086705202312,0.0006915031549831446,0.0,0.0,0.06429641738182809,0.005030181086519115,0.008048289738430584,0.12940802711002858,0.3827751196172249,0.6720321931589537,3.009009009009009,YBL050W,ess,ess
0.0,0.0,0.0,0.0,0.05986922762566409,0.0,0.0,0.0,0.0,1.0,1.9516806722689084,YNL312W,ess,ess
0.02890173410404624,0.006915031549831446,0.16216216216216214,2.0,0.0723334695545566,0.008992805755395683,0.07194244604316546,0.18010115068707974,1.6566757493188011,0.2077338129496403,0.4031413612565445,YGL159W,non_ess,non_ess
0.17630057803468208,0.14158527098279886,0.3783783783783784,1.0,0.12566407846342462,0.032189973614775734,0.8643799472295515,0.636631116826678,0.8249737394957983,0.07862796833773088,1.3185840707964605,YCR061W,non_ess,non_ess
0.008670520231213872,0.002074509464949433,0.0,0.0,0.08479771148344913,0.0023166023166023165,0.018532818532818532,0.03860201157498455,0.11805761805761805,0.5637065637065637,2.673992673992674,YIR012W,ess,ess
0.008670520231213872,0.0006915031549831446,0.0,0.0,0.10829587249693504,0.001829268292682927,0.004878048780487805,0.03543387425906132,0.16807768924302788,0.4121951219512195,1.4024896265560165,YPR033C,ess,ess
0.0838150289017341,0.036131039847869306,0.2702702702702703,2.5,0.1401716387413159,0.013757115749525616,0.198292220113852,0.4788786482334871,1.404491341991342,0.23481973434535106,0.23481973434535106,YDR176W,non_ess,non_ess
0.011560693641618495,0.002506698936813899,0.08108108108108109,1.0,0.01818553330608909,0.012618296529968454,0.0914826498422713,0.2897701667417756,0.5612244897959183,0.35331230283911674,0.6256983240223464,YGR181W,non_ess,non_ess
0.0028901734104046237,0.0004321894718644654,0.027027027027027032,1.0,0.033714752758479766,0.0018348623853211008,0.009174311926605505,0.057080900750625524,0.10795454545454546,0.7321100917431193,2.8098591549295766,YPL211W,ess,ess
0.011560693641618495,0.002074509464949433,0.054054054054054064,1.0,0.0588475684511647,0.00437636761487965,0.0262582056892779,0.08874462011100323,0.2576760987357014,0.4824945295404814,1.2819767441860466,YKR052C,non_ess,non_ess
0.03757225433526011,0.010545423113492956,0.10810810810810813,2.0,0.03677973028197794,0.022033898305084745,0.20677966101694914,0.7124767632586112,1.2199413489736068,0.2644067796610169,1.046979865771812,YJL030W,non_ess,non_ess
0.011560693641618495,0.0014694442043391822,0.027027027027027032,2.0,0.024928483857785046,0.009615384615384616,0.040865384615384616,0.2242811799850635,0.43446601941747576,0.4326923076923077,1.487603305785124,YBL049W,non_ess,non_ess
0.060693641618497114,0.008298037859797734,0.027027027027027032,0.5,0.1610134859011034,0.008699254349627173,0.039768019884009936,0.1917153469169955,0.5461718293395674,0.1271748135874068,0.7139534883720929,YGL083W,non_ess,non_ess
0.01445086705202312,0.0005186273662373584,0.13513513513513514,0.8333333333333334,0.06620351450756028,0.004892367906066536,0.005870841487279843,0.11666073652375022,0.16582491582491582,0.6487279843444227,3.70391061452514,YJR105W,non_ess,non_ess
0.05780346820809248,0.016250324142103898,0.1891891891891892,1.4,0.06477319166326115,0.01998001998001998,0.1878121878121878,0.5572688181383834,0.4797601199400301,0.2177822177822178,1.5244755244755246,YAL020C,non_ess,non_ess
0.008670520231213872,0.002420261042441006,0.0,1.0,0.10809154066203516,0.0018326206475259624,0.017104459376908982,0.08901892602348961,0.10505606925044264,0.4538790470372633,1.3733826247689465,YBL099W,non_ess,non_ess
0.04335260115606936,0.010718298902238741,0.16216216216216214,1.5,0.12545974662852474,0.007928118393234672,0.06553911205073996,0.22880448687736496,1.0828025477707008,0.2711416490486258,1.0961538461538465,YHR171W,non_ess,non_ess
0.017341040462427744,0.006223528394848302,0.027027027027027032,1.0,0.03841438496117695,0.009771986970684038,0.11726384364820848,0.33917102955333706,0.3732057416267942,0.2377850162866449,1.168,YLR456W,non_ess,non_ess
0.05202312138728323,0.011928429423459244,0.027027027027027032,1.0,0.10931753167143443,0.010876132930513595,0.08338368580060422,0.3409846950632449,0.9681897050318101,0.3099697885196375,0.8142857142857143,YOR132W,non_ess,non_ess
0.05780346820809248,0.012706370472815282,0.0,0.0,0.11422149570903148,0.011580775911986104,0.08511870295309787,0.42712626451854624,0.6323529411764706,0.4053271569195136,2.6515151515151514,YNL251C,ess,non_ess
0.29190751445086704,0.15878641196300458,0.0,0.0,0.3792398855741724,0.017977928088287645,0.32698469206123176,0.5091088264679199,0.8401990700377796,1.0,5.029543419874664,YLR024C,non_ess,non_ess
0.07514450867052022,0.015472383092747859,0.2432432432432433,1.2857142857142858,0.13710666121781775,0.012603005332040715,0.08676684440135725,0.2940977625838712,0.7355263157894736,0.2394571013087736,1.5833333333333333,YBL060W,non_ess,non_ess
0.011560693641618495,0.00112369262684761,0.08108108108108109,0.375,0.02751668709985016,0.00881057268722467,0.028634361233480177,0.21478218306412145,0.5111111111111112,0.4405286343612335,1.1299435028248588,YDR424C,non_ess,non_ess
0.01445086705202312,0.0030253263030512573,0.0,0.0,0.15161422149570905,0.0021968365553602814,0.015377855887521968,0.06447638477515456,0.15984015984015987,0.6370826010544816,3.0526315789473686,YBL084C,ess,ess
0.02023121387283237,0.002160947359322327,0.08108108108108109,0.42857142857142855,0.060277891295463834,0.007486631016042781,0.026737967914438502,0.19772276632818606,0.7209737827715355,0.7732620320855615,1.9026315789473685,YIL134W,non_ess,non_ess
0.02023121387283237,0.006569279972339874,0.027027027027027032,0.06666666666666668,0.03282931480724697,0.013157894736842105,0.14285714285714285,0.382807981492192,0.6923076923076923,1.0,1.0,YDR397C,ess,non_ess
0.03757225433526011,0.01097761258535742,0.2972972972972973,1.8333333333333333,0.12832039231712306,0.00672182006204757,0.0656670113753878,0.1504315893885993,0.5508260447035958,0.4891416752843847,1.844054580896686,YGL124C,non_ess,non_ess
0.06647398843930635,0.011409802057221884,0.2432432432432433,1.2857142857142858,0.1781773600326931,0.0086271567891973,0.049512378094523635,0.4053597858924191,0.8965696465696468,0.1399099774943736,0.8179824561403508,YPR089W,non_ess,non_ess
0.05780346820809248,0.01797908202956176,0.027027027027027032,1.0,0.12341642827952595,0.010741138560687431,0.11170784103114932,0.2736789279991548,1.010928961748634,0.20300751879699247,1.1419939577039273,YDL025C,non_ess,non_ess
0.008670520231213872,0.0010372547324747168,0.0,1.0,0.1113608500204332,0.001780415430267062,0.007121661721068248,0.05341246290801187,0.17309941520467834,0.5667655786350149,2.375621890547264,YDR062W,ess,ess
0.05202312138728323,0.020312905177629872,0.13513513513513514,1.25,0.1158561503882305,0.010279840091376356,0.1342090234151913,0.1967223069638326,0.8632911392405064,0.3637921187892633,1.2539370078740155,YJL162C,non_ess,non_ess
0.031791907514450865,0.01045898521912006,0.0,0.0,0.11524315488353085,0.0063145809414466144,0.06946039035591274,0.1225843487278249,0.6719758064516129,0.2743972445464983,0.803361344537815,YAL040C,non_ess,non_ess
0.04335260115606936,0.0044083326130175465,0.1891891891891892,1.75,0.05986922762566409,0.016146393972012917,0.05489773950484392,0.8079742821400518,2.668918918918919,0.35091496232508074,0.6330097087378641,YIL145C,non_ess,non_ess
0.1213872832369942,0.04140375140461578,0.10810810810810813,8.0,0.1313853698406212,0.021222839818089943,0.2420414350682163,0.7653041499503173,0.9986577181208054,0.15866599292572006,1.4272727272727272,YNL012W,non_ess,non_ess
0.07514450867052022,0.01659607571959547,0.027027027027027032,0.3333333333333333,0.08970167552104619,0.019019751280175568,0.14045354791514264,0.5871076310806459,1.251851851851852,0.246525237746891,2.119496855345912,YBR162C,non_ess,non_ess
0.011560693641618495,0.0009508168381018238,0.054054054054054064,0.4,0.09113199836534533,0.002881844380403458,0.007925072046109509,0.18377628348809905,0.15587761674718195,0.4675792507204611,2.7854077253218885,YLR163C,ess,ess
0.049132947976878616,0.00959460627539113,0.054054054054054064,1.0,0.08908868001634655,0.012518409425625921,0.0817378497790869,0.4923586722555794,0.7137820512820512,0.14580265095729014,0.9705882352941178,YBR166C,non_ess,non_ess
0.0,0.0,0.0,1.0,0.02145484266448713,0.0,0.0,0.0,1.0,1.0,1.0,YHL015W,ess,ess
0.008670520231213872,0.0012965684155933962,0.0,0.0,0.02370249284838578,0.007537688442211055,0.03768844221105527,0.2880662051516323,0.3261284170375079,0.7613065326633166,2.179856115107913,YDR225W,non_ess,non_ess
0.06647398843930635,0.010631861007865848,0.054054054054054064,4.0,0.07294646505925624,0.02051739518287244,0.10972346119536128,0.9495362243772362,0.7236160892074871,0.2649420160570919,1.202429149797571,YIR034C,non_ess,non_ess
0.06358381502890173,0.0076929725991874845,0.0,1.0,0.09828361258684104,0.014735432016075016,0.05961152042866711,0.2243164491619063,0.5544170589864303,0.28600133958472873,0.953125,YOR351C,non_ess,non_ess
0.023121387283236997,0.005013397873627798,0.08108108108108109,1.0,0.02867456749761613,0.016985138004246284,0.12314225053078555,0.3015073253689092,3.024875621890548,0.29936305732484075,0.4622950819672131,YCL012C,non_ess,non_ess
0.2485549132947977,0.09326648802835162,0.16216216216216214,1.5,0.14058030241111566,0.04068117313150426,0.5104068117313151,0.8479450479023221,1.1797368790673721,0.08136234626300852,0.08136234626300852,YEL011W,non_ess,non_ess
0.10982658959537572,0.024202610424410062,0.0,1.0,0.08071107478545159,0.030769230769230767,0.2267206477732793,0.5441062534587714,0.5690794303332843,0.10445344129554657,0.9280575539568344,YGR210C,non_ess,non_ess
0.017341040462427744,0.0016423199930849686,0.0,1.0,0.0461789946873723,0.008241758241758242,0.0260989010989011,0.2589937994965928,1.1173184357541899,0.2898351648351649,0.43505154639175264,YGR057C,non_ess,non_ess
0.031791907514450865,0.007001469444204339,0.08108108108108109,3.0,0.2740089906007356,0.0027007120058924624,0.01988706113429904,0.0887354628602713,0.3318965517241379,0.3326786152712988,2.0975232198142413,YDR301W,ess,ess
0.0028901734104046237,8.643789437289306e-05,0.0,0.0,0.14058030241111566,0.0004730368968779564,0.0004730368968779564,0.010278315141416852,0.0824966078697422,0.978713339640492,4.811627906976745,YDR052C,ess,ess
0.049132947976878616,0.010804736796611637,0.0,0.0,0.10012259910093993,0.011184210526315793,0.08223684210526316,0.2911778143274854,1.076121794871795,0.25921052631578945,0.9358669833729216,YPL181W,non_ess,non_ess
0.04335260115606936,0.005359149451119371,0.054054054054054064,4.0,0.2088271352676747,0.004813863928112966,0.01989730423620026,0.1406388861459465,0.5653846153846155,0.33697047496790755,2.2245762711864407,YPL009C,non_ess,non_ess
0.0,0.0,0.0,1.0,0.034940743767879034,0.0,0.0,0.0,1.0,1.0,1.0,YER112W,ess,ess
0.06647398843930635,0.014780879937764715,0.10810810810810813,4.0,0.3275439313445035,0.004733484256019757,0.03519242642519037,0.2318364667772144,0.5319383259911895,0.16505453797077588,0.8150406504065041,YOR191W,non_ess,non_ess
0.05780346820809248,0.009940357852882704,0.0,1.0,0.1810380057212914,0.007385524372230428,0.042466765140324964,0.3099004897768794,1.151315789473684,0.1277695716395864,0.733050847457627,YPR021C,non_ess,non_ess
0.0028901734104046237,8.643789437289306e-05,0.027027027027027032,0.25,0.0678381691867593,0.0009560229445506693,0.0009560229445506693,0.0243389247455476,0.07121263016459521,0.887189292543021,4.017316017316017,YOL086C,non_ess,ess
0.15895953757225434,0.037427608263462704,0.0,1.0,0.3220269718022068,0.011511092507325241,0.09062369192130597,0.25380403425610626,0.9179706021811286,0.19171201339472585,1.3048433048433048,YNL242W,non_ess,non_ess
0.026011560693641616,0.0049269599792549044,0.13513513513513514,1.25,0.05741724560686556,0.01007838745800672,0.06382978723404255,0.2417308752987581,0.7388059701492538,0.2183650615901456,0.4698795180722892,YIL124W,non_ess,non_ess
0.04335260115606936,0.007260783127323019,0.0,0.0,0.08786268900694727,0.011194029850746268,0.0626865671641791,0.4259399206499149,0.8094603597601597,0.2343283582089553,1.5317073170731708,YNR050C,non_ess,non_ess
0.017341040462427744,0.001901633676203648,0.0,0.0,0.06763383735185942,0.005752636625119847,0.02109300095877277,0.1741441543060177,0.6577540106951871,0.4477468839884947,1.2553763440860215,YOR262W,ess,ess
0.04046242774566474,0.009767482064136915,0.0,1.0,0.10931753167143443,0.008459214501510574,0.06827794561933535,0.1738865468018248,0.4084396978379787,1.0,4.896449704142012,YOL013C,non_ess,non_ess
0.10404624277456646,0.01633676203647679,0.16216216216216214,1.5,0.10175725378013896,0.023316062176165803,0.12240932642487047,0.898707228235777,0.7321380786727323,0.1949481865284974,0.7777777777777778,YHR048W,non_ess,non_ess
0.0,0.0,0.0,0.0,0.09113199836534533,0.0,0.0,0.0,0.0,1.0,4.463022508038585,YDR023W,ess,ess
0.06647398843930635,0.009075978909153772,0.13513513513513514,2.5,0.10747854515733553,0.014127764127764128,0.0644963144963145,0.4243129934877508,1.3993527508090615,0.2708845208845209,0.57496740547588,YDR057W,non_ess,non_ess
0.08959537572254335,0.023943296741291385,0.08108108108108109,0.6,0.1773600326930936,0.011680482290881688,0.10437076111529768,0.5108820468654681,1.2609126984126984,0.2422758100979653,0.7737665463297233,YLR318W,non_ess,non_ess
0.008670520231213872,0.0029388884086783643,0.0,0.0,0.1510012259910094,0.0013233348037053375,0.014997794441993825,0.04654520759219709,0.08633093525179858,0.8817820908689898,5.491758241758242,YDL164C,ess,ess
0.0953757225433526,0.02221453885383352,0.16216216216216214,1.5,0.09276665304454433,0.023371104815864026,0.1820113314447592,0.6913172804532578,1.452,0.10977337110481586,0.82010582010582,YPR068C,non_ess,non_ess
0.10404624277456646,0.026622871466851068,0.1891891891891892,1.1666666666666667,0.15181855333060892,0.015796401930671347,0.13514699429574376,0.4875012657373342,1.1169230769230771,0.14874945151382185,1.168965517241379,YOR337W,non_ess,non_ess
0.04046242774566474,0.01045898521912006,0.0,1.0,0.1726604004903964,0.005415860735009671,0.04680851063829787,0.27437706223688696,0.7720588235294116,0.2955512572533849,2.0427807486631018,YPL008W,non_ess,non_ess
0.049132947976878616,0.016077448353358108,0.0,0.0,0.3089497343686146,0.003706934147405146,0.04055822067160925,0.11652362810522593,0.3341194968553459,0.4252071522023549,2.6785714285714284,YGL173C,non_ess,non_ess
0.03468208092485549,0.008211599965424842,0.054054054054054064,1.0,0.058643236616264825,0.013172338090010977,0.10428100987925357,0.2054451084820642,0.8543209876543209,0.2502744237102086,1.4161490683229814,YFR031C-A,non_ess,non_ess
0.12716763005780346,0.04702221453885383,0.027027027027027032,1.0,0.11646914589293013,0.025,0.3090909090909091,1.0574468085106383,1.026950354609929,1.0,1.0,YNR055C,non_ess,non_ess
0.03757225433526011,0.007174345232950125,0.13513513513513514,2.5,0.1040049039640376,0.008243500317057704,0.05263157894736842,0.2474881984076657,0.4858585858585858,0.2733037412809131,1.4318936877076411,YML096W,non_ess,non_ess
0.04335260115606936,0.013570749416544212,0.027027027027027032,2.0,0.08541070698814876,0.011503067484662576,0.12039877300613495,0.3346927867633389,2.121212121212121,0.526840490797546,0.8471023427866831,YDR448W,non_ess,non_ess
0.04624277456647399,0.01037254732474717,0.054054054054054064,2.0,0.06048222313036373,0.017057569296375266,0.1279317697228145,0.3092119577041904,1.0036014405762306,0.19189765458422176,1.1320754716981132,YOR164C,non_ess,non_ess
0.017341040462427744,0.003457515774915723,0.16216216216216214,2.0,0.14997956681651006,0.002664298401420959,0.01776198934280639,0.0699983852736961,0.6931818181818181,0.5319715808170515,0.8933631618195378,YOR208W,non_ess,non_ess
0.01445086705202312,0.002333823148068113,0.0,1.0,0.07989374744585206,0.004088307440719542,0.022076860179885527,0.11451564315531265,0.6710526315789472,0.5306623058053965,1.8703170028818443,YNL181W,ess,ess
0.005780346820809247,0.0002593136831186792,0.0,0.0,0.02697180220678382,0.004484304932735426,0.006726457399103139,0.1713576948764431,0.8014184397163121,0.8071748878923767,2.068965517241379,YBR173C,non_ess,non_ess
0.06358381502890173,0.0087302273316622,0.054054054054054064,2.0,0.09562729873314264,0.01513067400275103,0.06946354883081156,0.34885622268993444,0.7916465863453817,0.18844566712517194,0.5905172413793104,YOR216C,non_ess,non_ess
0.10982658959537572,0.022300976748206414,0.10810810810810813,4.0,0.10870453616673477,0.02308626974483597,0.15674362089914945,0.9073402274535172,0.5408195182984048,0.2138517618469016,2.6870229007633597,YBR008C,non_ess,non_ess
0.0953757225433526,0.01573169677586654,0.2432432432432433,1.5,0.08827135267674703,0.02451708766716196,0.1352154531946508,0.8120955758999185,0.6952920662598082,0.1515601783060921,1.0909090909090908,YER119C,non_ess,non_ess
0.049132947976878616,0.009162416803526663,0.08108108108108109,0.6,0.0913363302002452,0.012221423436376708,0.07620416966211359,0.4636082824436527,1.010989010989011,0.2070452911574407,1.3584905660377358,YDR148C,non_ess,non_ess
0.023121387283236997,0.0028524505143054713,0.10810810810810813,1.0,0.05006129955046997,0.01019108280254777,0.04203821656050955,0.35942935896003275,1.1403508771929824,1.0,3.6342592592592595,YPR167C,non_ess,non_ess
0.023121387283236997,0.008557351542916414,0.08108108108108109,0.42857142857142855,0.044135676338373515,0.011461318051575931,0.14183381088825214,0.33818330666468205,1.3358070500927643,0.5186246418338109,1.297491039426523,YOR111W,non_ess,non_ess
0.06647398843930635,0.010286109430374276,0.054054054054054064,0.6666666666666666,0.1491622394769105,0.010267857142857145,0.053125,0.3521166871921182,0.9665948275862069,0.12589285714285714,0.9155844155844156,YDL234C,non_ess,non_ess
0.026011560693641616,0.006915031549831446,0.13513513513513514,2.5,0.10155292194523907,0.005840363400389357,0.05191434133679429,0.17677782877763884,0.9878048780487804,0.3283582089552239,0.933579335793358,YDL101C,non_ess,non_ess
0.04046242774566474,0.008298037859797734,0.13513513513513514,2.5,0.08704536166734778,0.010542168674698794,0.07228915662650602,0.2672407421095424,0.8105828220858894,0.4066265060240964,1.2300683371298406,YDR483W,non_ess,non_ess
0.03468208092485549,0.007433658916068805,0.1891891891891892,1.0,0.056395586432366175,0.013667425968109341,0.0979498861047836,0.2449106821724014,0.7398496240601503,0.18223234624145787,0.5498281786941581,YOR223W,non_ess,non_ess
0.0722543352601156,0.033624340911055414,0.027027027027027032,0.3333333333333333,0.14957090314671026,0.011130899376669634,0.1731967943009795,0.33050208918419066,0.9565304487179486,0.1558325912733749,0.779510022271715,YPR031W,non_ess,non_ess
0.04046242774566474,0.007779410493560376,0.054054054054054064,4.0,0.06416019615856151,0.014112903225806453,0.0907258064516129,0.7054642266335815,1.5011655011655012,0.30544354838709675,1.4926108374384237,YOR246C,non_ess,non_ess
0.06358381502890173,0.016768951508341255,0.16216216216216214,12.0,0.19595422966898246,0.007516228220020498,0.06627946703108985,0.1241749491102246,0.4772981435920377,0.1885889989750598,1.0434782608695652,YBR084W,non_ess,non_ess
0.03468208092485549,0.007433658916068805,0.054054054054054064,0.5,0.058643236616264825,0.013172338090010977,0.09440175631174534,0.4332949586356456,1.095684803001876,1.0,4.1981566820276495,YBR231C,non_ess,non_ess
0.04335260115606936,0.010026795747255596,0.21621621621621626,1.3333333333333333,0.10931753167143443,0.00906344410876133,0.07009063444108761,0.31294058408862035,1.1805555555555556,0.37039274924471294,0.9301972685887708,YDL225W,non_ess,non_ess
0.060693641618497114,0.015645258881493648,0.4594594594594595,1.0625,0.02840212505108296,0.044967880085653104,0.3875802997858672,1.3883832976445396,1.893181818181818,0.9892933618843684,1.0669745958429562,YLR281C,non_ess,non_ess
0.06358381502890173,0.01322499783905264,0.027027027027027032,0.25,0.07437678790355537,0.01926444833625219,0.1339754816112084,0.4182339653290693,0.7085346215780999,0.21278458844133105,1.265625,YPL203W,non_ess,non_ess
0.049132947976878616,0.007433658916068805,0.1891891891891892,1.4,0.17838169186759298,0.006369426751592357,0.032221805919820164,0.1199440995458088,0.5114657860942945,0.21056575496440613,1.050467289719626,YKR050W,non_ess,non_ess
0.05202312138728323,0.010804736796611637,0.08108108108108109,0.5,0.07172047404985697,0.01631912964641886,0.11332728921124205,0.4623090020564757,0.6121013133208255,0.2058023572076156,1.5442176870748299,YLR405W,non_ess,non_ess
0.12716763005780346,0.03224133460108912,0.16216216216216214,0.8571428571428571,0.21557008581937068,0.013685847589424573,0.11601866251944012,0.34000405706944353,0.8672463768115943,0.13250388802488336,1.279279279279279,YIL156W,non_ess,non_ess
0.23410404624277456,0.1198893594952027,0.054054054054054064,0.6666666666666666,0.08398038414384963,0.06313328137178488,1.0810600155884644,1.5368231445738028,1.3246517262265292,0.0701480904130943,0.5625,YGR244C,non_ess,non_ess
0.17341040462427745,0.04131731351024289,0.10810810810810813,2.0,0.13179403351042093,0.030226700251889168,0.2408060453400504,0.4331291367836338,0.9785202863961812,1.0,5.1159793814432994,YNR008W,non_ess,non_ess
0.04046242774566474,0.013830063099662893,0.2432432432432433,1.125,0.1258684102983245,0.007376185458377239,0.08429926238145416,0.1846835678423108,0.4558823529411765,0.1701791359325606,1.1788321167883211,YDR386W,non_ess,non_ess
0.031791907514450865,0.003976143141153081,0.1891891891891892,1.75,0.09705762157744176,0.007457627118644069,0.031186440677966106,0.14972620599739245,0.2762282878411911,0.4223728813559322,2.8577981651376145,YML126C,ess,non_ess
0.06936416184971098,0.010545423113492956,0.054054054054054064,2.0,0.37821822639967306,0.004283419596644655,0.021774049616277,0.10803465675855467,0.4636363636363636,0.3462430840621096,1.7017543859649122,YPL082C,ess,ess
0.031791907514450865,0.006482842077966981,0.054054054054054064,1.0,0.023906824683285657,0.027431421446384042,0.18703241895261846,0.5966009147746746,1.675693974272173,0.22443890274314213,1.0975609756097562,YDR511W,non_ess,non_ess
0.05202312138728323,0.015299507304002076,0.027027027027027032,0.3333333333333333,0.1264814058030241,0.009438909281594129,0.09281594126900893,0.2260776672911188,0.5422381745930008,0.15416885159937074,1.0315789473684212,YDR380W,non_ess,non_ess
0.023121387283236997,0.0047540841905091185,0.0,0.0,0.15079689415610953,0.00353356890459364,0.024293286219081268,0.29131942129475297,0.28176100628930817,0.44346289752650175,1.992063492063492,YBL097W,ess,ess
0.0028901734104046237,8.643789437289306e-05,0.0,0.0,0.02145484266448713,0.0027397260273972607,0.0027397260273972607,0.0846374119650182,0.8813559322033899,1.0,1.4147286821705427,YOL133W,ess,ess
0.017341040462427744,0.001901633676203648,0.0,0.0,0.17225173682059666,0.0023264831329972853,0.008530438154323382,0.11714665068678252,0.2529644268774704,0.3947266382318728,2.0118577075098814,YDR416W,ess,ess
0.06358381502890173,0.01037254732474717,0.2702702702702703,2.5,0.1319983653453208,0.011066398390342052,0.060362173038229376,0.2651780993125991,0.5036210771664029,0.15895372233400398,1.2793522267206476,YFR048W,non_ess,non_ess
0.03757225433526011,0.0076929725991874845,0.0,1.0,0.06906416019615856,0.012218045112781954,0.08364661654135339,0.35647326470683144,0.7078862660944205,0.33270676691729323,1.863157894736842,YOR049C,non_ess,non_ess
0.04624277456647399,0.00786584838793327,0.054054054054054064,4.0,0.0651818553330609,0.015888778550148957,0.0903674280039722,0.4956462656143835,0.7043062200956939,0.29096325719960275,1.890322580645161,YDL230W,non_ess,non_ess
0.04335260115606936,0.0067421557610856594,0.10810810810810813,2.0,0.041683694319574985,0.02265861027190332,0.11782477341389727,0.5319143945506746,0.8773291925465837,0.1933534743202417,0.5493562231759657,YIL007C,non_ess,non_ess
0.0722543352601156,0.014780879937764715,0.027027027027027032,1.0,0.08827135267674703,0.018573551263001486,0.12704309063893016,0.4233608841010401,0.8420138888888887,0.13595839524517087,1.173076923076923,YLR300W,non_ess,non_ess
0.023121387283236997,0.004321894718644654,0.08108108108108109,1.5,0.034940743767879034,0.014209591474245116,0.08880994671403197,0.4037110836616747,1.3888324873096451,0.4156305506216697,1.21875,YML022W,non_ess,non_ess
0.04335260115606936,0.013397873627798429,0.054054054054054064,1.0,0.1493665713118104,0.006687472135532769,0.06910387873383861,0.15209110605314002,0.7327141382868937,0.4694605439144003,1.9215328467153283,YBL067C,non_ess,non_ess
