hits_count,reads_count,hits_count_pro,orf_len,insertion_index,NI,HFI,orf,label,predictions
0.0057803468208092465,0.0006050652606102515,0.0,0.03637106661217818,0.003424657534246575,0.10922743129413767,0.464041095890411,YOL146W,ess,ess
0.023121387283237003,0.0035439536692886157,0.027027027027027032,0.11667347772783,0.00453771979580261,0.09588307456898257,0.3040272263187748,YOR154W,non_ess,non_ess
0.017341040462427744,0.00224738525369522,0.0,0.10993052717613404,0.003605769230769232,0.0965164953580902,0.40865384615384615,YOR372C,ess,ess
0.0,0.0,0.0,0.016550878626890073,0.0,0.0,1.0,YAR069C,non_ess,non_ess
0.05491329479768786,0.01184199152908635,0.0,0.2987331426236208,0.004283137962128043,0.12202572643123975,0.29598737601442743,YJL095W,non_ess,non_ess
0.0,0.0,0.0,0.03228442991418063,0.0,0.0,1.0,YFL064C,non_ess,non_ess
0.05491329479768786,0.008298037859797734,0.0,0.09092766653044546,0.013718411552346571,0.3894937643583853,0.35379061371841153,YDR247W,non_ess,non_ess
0.06069364161849713,0.014089376782781571,0.16216216216216214,0.1409889660809154,0.00990566037735849,0.3331429990069513,0.17641509433962266,YER113C,non_ess,non_ess
0.026011560693641616,0.0019880715705765406,0.35135135135135137,0.04086636697997549,0.013846153846153848,0.2415312724658519,0.2523076923076923,YFR036W-A,non_ess,non_ess
0.0722543352601156,0.014694442043391822,0.0,0.10257458111973848,0.01606683804627249,0.4009236563639624,0.18894601542416453,YLR392C,non_ess,non_ess
0.08959537572254335,0.021868787276341943,0.10810810810810813,0.08459337964854925,0.023993808049535603,0.6742461690558577,0.2430340557275541,YHR132C,non_ess,non_ess
0.08092485549132948,0.03846486299593742,0.08108108108108109,0.02063751532488762,0.07932011331444759,2.0804953560371517,0.7025495750708215,YHL006W-A,non_ess,non_ess
0.09826589595375723,0.02005359149451119,0.10810810810810813,0.1401716387413159,0.016129032258064516,0.6518518518518519,0.15607210626185958,YDR221W,non_ess,non_ess
0.06069364161849713,0.04546633244014176,0.10810810810810813,0.0425010216591745,0.031157270029673587,0.9191394658753708,0.38427299703264095,YKL087C,non_ess,non_ess
0.1791907514450867,0.1912870602472124,0.2432432432432433,0.032897425418880265,0.11632270168855535,4.305822206840441,0.09193245778611632,YMR042W,non_ess,non_ess
0.01445086705202312,0.0015558820987120756,0.027027027027027032,0.059460563955864326,0.005417118093174431,0.08951142753959655,0.600216684723727,YBR085W,non_ess,non_ess
0.06358381502890173,0.01322499783905264,0.027027027027027032,0.07437678790355537,0.01926444833625219,0.4182339653290693,0.21278458844133105,YPL203W,non_ess,non_ess
0.05491329479768786,0.013052122050306857,0.027027027027027032,0.07805476093175318,0.01588628762541806,0.4355754240562832,0.4431438127090301,YKL166C,non_ess,non_ess
0.03757225433526011,0.007087907338577231,0.054054054054054064,0.03821005312627708,0.02127659574468085,0.7074840053563458,0.28150572831423903,YNL203C,non_ess,non_ess
0.03468208092485549,0.008038724176679056,0.027027027027027032,0.10012259910093993,0.007894736842105262,0.32180759275237275,0.4223684210526316,YMR169C,non_ess,non_ess
0.05202312138728323,0.005359149451119371,0.08108108108108109,0.07560277891295464,0.015517241379310345,0.26185344827586204,0.1353448275862069,YNL001W,non_ess,non_ess
0.27167630057803466,0.12135880369954187,0.1891891891891892,0.17286473232529628,0.03632148377125193,0.7973151518173206,0.08809891808346214,YLR001C,non_ess,non_ess
0.0722543352601156,0.015558820987120752,0.054054054054054064,0.06416019615856151,0.0252016129032258,0.5806823249591199,0.13608870967741934,YNL301C,non_ess,non_ess
0.11560693641618495,0.0536779324055666,0.13513513513513514,0.007764609726195342,0.24390243902439024,4.3759567302786,0.16463414634146342,YIL046W-A,non_ess,non_ess
0.04624277456647399,0.012274181000950816,0.054054054054054064,0.10012259910093993,0.010526315789473684,0.4013055895552835,0.19144736842105264,YMR170C,non_ess,non_ess
0.0028901734104046237,8.643789437289306e-05,0.16216216216216214,0.023498161013485903,0.002531645569620253,0.06600361663652803,0.810126582278481,YLR104W,non_ess,non_ess
0.031791907514450865,0.004149018929898867,0.5405405405405406,0.017981201471189208,0.03503184713375796,1.1391062032677928,0.29936305732484075,YMR244C-A,non_ess,non_ess
0.07514450867052022,0.018929898867663584,0.0,0.16836943195749898,0.010309278350515464,0.15899068368330366,0.1586042823156225,YOR270C,non_ess,non_ess
0.01445086705202312,0.00449477050739044,0.0,0.11238250919493258,0.002941176470588236,0.06647934608086413,0.38235294117647056,YDL003W,ess,ess
0.06647398843930635,0.03267352407295358,0.1891891891891892,0.06007355946056396,0.02467811158798283,0.7422154802427111,0.13197424892703866,YHR199C,non_ess,non_ess
0.0057803468208092465,0.0008643789437289308,0.027027027027027032,0.13227080779185402,0.001004016064257028,0.0455607476635514,0.4779116465863454,YNR053C,ess,ess
0.0,0.0,0.054054054054054064,0.04474867184307317,0.0,0.0,1.0,YGL020C,non_ess,non_ess
0.04624277456647399,0.011150488374103209,0.16216216216216214,0.0968532897425419,0.010869565217391304,0.27990701181201305,0.2669836956521739,YBR263W,non_ess,non_ess
0.011560693641618495,0.0005186273662373584,0.40540540540540543,0.011442582754393136,0.01834862385321101,0.2916319154851265,0.3486238532110092,YER039C-A,non_ess,non_ess
0.13583815028901733,0.08444982280231653,0.16216216216216214,0.10277891295463834,0.030147530468248883,0.8209775497113534,0.16869788325849905,YOR374W,non_ess,non_ess
0.011560693641618495,0.002333823148068113,0.027027027027027032,0.1953412341642828,0.0013708019191226864,0.02857181254955718,0.5366689513365319,YOR160W,ess,ess
0.0722543352601156,0.027919439882444462,0.4594594594594595,0.2529628116060482,0.006641870350690754,0.12794339728172716,0.17800212539851226,YOR330C,non_ess,non_ess
0.05491329479768786,0.011323364162848992,0.027027027027027032,0.13363302002451982,0.00944333996023857,0.9792263368938908,0.2286282306163022,YLR427W,non_ess,non_ess
0.02890173410404624,0.006309966289221194,0.0,0.015937883122190438,0.035211267605633804,0.5818332454620773,0.3028169014084507,YIL058W,non_ess,non_ess
0.04335260115606936,0.012014867317832138,0.0,0.12770739681242338,0.007792207792207792,0.2452987012987013,0.5303896103896104,YDR484W,non_ess,non_ess
0.0,0.0,0.0,0.12362076011442585,0.0,0.0,1.0,YAR007C,ess,ess
0.049132947976878616,0.011150488374103209,0.08108108108108109,0.10625255414793626,0.010559006211180123,0.3374388793445223,0.17453416149068324,YOL033W,non_ess,non_ess
0.03468208092485549,0.006309966289221194,0.027027027027027032,0.09930527176134042,0.007957559681697613,0.291148959932989,0.5557029177718833,YNR073C,non_ess,non_ess
0.049132947976878616,0.006569279972339874,0.027027027027027032,0.04168369431957498,0.0256797583081571,1.047876804296744,0.1540785498489426,YOR202W,non_ess,non_ess
0.023121387283237003,0.003025326303051257,0.0,0.1675521046178995,0.0031872509960159364,0.3236912813860836,0.2581673306772909,YDR207C,non_ess,non_ess
0.06069364161849713,0.008816665226035093,0.054054054054054064,0.1129955046996322,0.012287887653598594,0.4420642509526325,0.18782913984786426,YLR253W,non_ess,non_ess
0.02023121387283237,0.008470913648543521,0.2432432432432433,0.02513281569268493,0.016706443914081142,0.4075408481733064,0.2911694510739857,YOR285W,non_ess,non_ess
0.0722543352601156,0.008038724176679056,0.027027027027027032,0.14180629342051493,0.01172607879924953,0.6592778410613775,0.13227016885553472,YDR436W,non_ess,non_ess
0.10982658959537572,0.07796698072434956,0.054054054054054064,0.017981201471189208,0.12101910828025478,1.5682476180449545,0.12101910828025478,YBL001C,non_ess,non_ess
0.008670520231213872,0.0005186273662373584,0.21621621621621626,0.01818553330608909,0.00946372239747634,0.25058584948174856,0.38170347003154576,YBR268W,non_ess,non_ess
0.026011560693641616,0.0028524505143054713,0.21621621621621626,0.10257458111973848,0.005784061696658098,0.10223582735759708,0.2769922879177378,YMR064W,non_ess,non_ess
0.0057803468208092465,0.0013830063099662892,0.027027027027027032,0.017436316578122873,0.006535947712418301,0.21367521367521367,0.9379084967320259,YDR139C,non_ess,non_ess
0.12716763005780346,0.0249805514737661,0.16216216216216214,0.11238250919493258,0.025882352941176467,0.6359233926128591,0.11941176470588236,YDR481C,non_ess,non_ess
0.01445086705202312,0.0015558820987120756,0.054054054054054064,0.0425691322708078,0.007407407407407408,0.2569393569393569,0.4192592592592593,YPR028W,non_ess,non_ess
0.0057803468208092465,0.0003457515774915723,0.0,0.01941152431548836,0.005970149253731343,0.10568937490764002,1.0,YDR521W,non_ess,non_ess
0.04624277456647399,0.012533494684069495,0.16216216216216214,0.0696771557008582,0.014911463187325256,0.2733571789044053,0.22087604846225534,YML119W,non_ess,non_ess
0.05202312138728323,0.011669115740340566,0.2432432432432433,0.10461789946873724,0.011349306431273644,0.2934268600252207,0.2849936948297604,YDL088C,non_ess,non_ess
0.02023121387283237,0.005704901028610943,0.1891891891891892,0.05190028606456886,0.008620689655172414,0.5651041666666666,0.7155172413793104,YBL095W,non_ess,non_ess
0.17341040462427745,0.04131731351024289,0.10810810810810813,0.13179403351042093,0.030226700251889168,0.4331291367836338,1.0,YNR008W,non_ess,non_ess
0.05491329479768786,0.01581813467023943,0.054054054054054064,0.02308949734368615,0.048843187660668384,1.4969877744853706,0.2519280205655527,YLR374C,non_ess,non_ess
0.011560693641618495,0.0017287578874578616,0.0,0.032080098079280764,0.007677543186180422,0.21460366725201124,0.7965451055662188,YKL131W,non_ess,non_ess
0.017341040462427744,0.010545423113492956,0.027027027027027032,0.08459337964854925,0.004643962848297214,0.14689737696822353,0.3328173374613003,YMR173W,non_ess,non_ess
0.031791907514450865,0.006655717866712767,0.08108108108108109,0.13812832039231712,0.005293551491819057,0.2564318501517731,0.368623676612127,YDR314C,non_ess,non_ess
0.05780346820809248,0.017633330452070186,0.054054054054054064,0.08071107478545159,0.016194331983805668,0.2501124606387765,0.19676113360323888,YDL128W,non_ess,non_ess
0.01445086705202312,0.005791338922983836,0.08108108108108109,0.02840212505108296,0.010706638115631693,0.4216564887514209,0.32548179871520344,YCR099C,non_ess,non_ess
0.02023121387283237,0.0076929725991874845,0.027027027027027032,0.09746628524724152,0.004726536124240378,0.1894072890762669,0.4064821066846725,YER122C,non_ess,non_ess
0.09826589595375723,0.02091797043824012,0.13513513513513514,0.17613404168369434,0.01289833080424886,0.3240312372774714,0.1452959028831563,YBR281C,non_ess,non_ess
0.2890173410404624,0.15273575935690206,0.054054054054054064,0.10155292194523907,0.06489292667099286,1.0978682327185056,0.06099935107073329,YIL001W,non_ess,non_ess
0.05491329479768786,0.008557351542916414,0.0,0.11626481405803026,0.010813887307911213,0.2425511979929688,0.2458736482640865,YHL039W,non_ess,non_ess
0.026011560693641616,0.001901633676203648,0.054054054054054064,0.04290968532897426,0.013235294117647059,0.4646341463414634,0.2852941176470588,YMR233W,non_ess,non_ess
0.0722543352601156,0.02135015991010459,0.027027027027027032,0.06640784634246016,0.024390243902439025,0.4256787850897377,0.29853658536585365,YOL007C,non_ess,non_ess
0.02890173410404624,0.006655717866712767,0.16216216216216214,0.022476501838986515,0.02631578947368421,0.6595459236326109,1.0,YGL121C,non_ess,non_ess
0.0,0.0,0.0,0.04229668982427463,0.0,0.0,1.0,YGR095C,ess,ess
0.023121387283237003,0.004840522084882012,0.054054054054054064,0.0813240702901512,0.006430868167202572,0.22096852772093928,0.4983922829581994,YGR159C,non_ess,non_ess
0.04046242774566474,0.008298037859797734,0.027027027027027032,0.10257458111973848,0.008997429305912597,0.19494430162810625,0.31426735218509005,YKL116C,non_ess,non_ess
0.06358381502890173,0.015040193620883397,0.027027027027027032,0.11319983653453207,0.012850467289719626,0.3670348343245539,0.3130841121495327,YHR094C,non_ess,non_ess
0.17052023121387286,0.061543780793499876,0.10810810810810813,0.09256232120964447,0.041873669268985086,1.4623070440028387,0.1547196593328602,YER081W,non_ess,non_ess
0.07514450867052022,0.018411271501426223,0.13513513513513514,0.11381283203923173,0.015107495642068562,0.4364720028074859,0.17780360255665312,YNL270C,non_ess,non_ess
0.06647398843930635,0.01823839571268044,0.10810810810810813,0.03514507560277892,0.04063604240282685,1.00144096186499,0.1254416961130742,YOR179C,non_ess,non_ess
0.0057803468208092465,0.0002593136831186792,0.054054054054054064,0.13792398855741725,0.0009638554216867467,0.029797835409434342,0.9474698795180724,YHR042W,ess,ess
0.05491329479768786,0.02273316622007088,0.21621621621621626,0.020024519820187988,0.055232558139534885,3.6781139140717385,0.25872093023255816,YLR428C,non_ess,non_ess
0.03468208092485549,0.01633676203647679,0.054054054054054064,0.07519411524315489,0.010398613518197573,0.37740422489122666,0.2261698440207973,YMR272C,non_ess,non_ess
0.03757225433526011,0.003025326303051257,0.027027027027027032,0.08929301185124643,0.009551800146950772,0.4360944821189821,0.3512123438648053,YNL016W,non_ess,non_ess
0.06069364161849713,0.010891174690984528,0.13513513513513514,0.17327339599509606,0.008095605242868157,0.18280234173012705,0.21781033153430995,YGR150C,non_ess,non_ess
0.008670520231213872,0.0028524505143054713,0.0,0.12055578259092767,0.0016483516483516484,0.08474566670442958,0.7032967032967034,YFL002C,ess,ess
0.04046242774566474,0.029907511453021007,0.13513513513513514,0.004699632202697182,0.1176470588235294,3.1917554423344137,0.3277310924369748,YBR296C-A,non_ess,non_ess
0.008670520231213872,0.0006050652606102515,0.10810810810810813,0.05537392725786678,0.003476245654692932,0.07611874413728413,0.4391657010428737,YDL083C,non_ess,non_ess
0.03468208092485549,0.005359149451119371,0.027027027027027032,0.052104617899468735,0.014723926380368096,0.40987887368255466,0.30552147239263805,YKL208W,non_ess,non_ess
0.12716763005780346,0.02696862304434264,0.0,0.2905598692276257,0.010194624652455976,0.3546596642982185,0.14550509731232622,YDR326C,non_ess,non_ess
0.10982658959537572,0.01918921255078226,0.027027027027027032,0.17041275030649775,0.01489028213166144,0.8751092039673158,0.1371473354231975,YMR053C,non_ess,non_ess
0.0,0.0,0.0,0.05394360441356764,0.0,0.0,1.0,YOL127W,ess,ess
0.026011560693641616,0.0112369262684761,0.0,0.0670208418471598,0.008704061895551255,0.4271134372511093,0.2872340425531915,YPL118W,non_ess,non_ess
0.07514450867052022,0.0199671536001383,0.13513513513513514,0.027993461381283204,0.05639913232104121,1.2092786930097124,0.21041214750542306,YNR036C,non_ess,non_ess
0.017341040462427744,0.0025931368311867924,0.054054054054054064,0.11115651818553332,0.0035671819262782407,0.09296881144829436,0.32282996432818073,YJL105W,non_ess,non_ess
0.031791907514450865,0.010891174690984528,0.054054054054054064,0.023293829178586026,0.02806122448979592,0.6967132346500832,0.25255102040816324,YNL143C,non_ess,non_ess
0.20809248554913293,0.04952891347566773,0.0,0.3177360032693093,0.015270413573700957,0.4750092553665439,0.17751855779427358,YER166W,non_ess,non_ess
0.01445086705202312,0.0025931368311867924,0.10810810810810813,0.018594196975888846,0.015479876160990712,0.4427152713342092,0.33126934984520123,YEL073C,non_ess,non_ess
0.05202312138728323,0.010199671536001384,0.0,0.06497752349816102,0.017928286852589643,0.3987731084032073,0.31772908366533864,YPL227C,non_ess,non_ess
0.04624277456647399,0.015040193620883397,0.08108108108108109,0.2760523089497344,0.0038995856690226655,0.07814863835707396,0.4906166219839142,YIR019C,non_ess,non_ess
0.017341040462427744,0.007087907338577231,0.0,0.02513281569268493,0.014319809069212413,0.6148377596100137,0.3842482100238663,YBR012C,non_ess,non_ess
0.06069364161849713,0.012447056789696605,0.1891891891891892,0.0886800163465468,0.015532544378698224,0.4609905763751918,0.13831360946745566,YBR240C,non_ess,non_ess
0.05780346820809248,0.009940357852882704,0.0,0.1810380057212914,0.007385524372230428,0.3099004897768794,0.1277695716395864,YPR021C,non_ess,non_ess
0.011560693641618495,0.002333823148068113,0.027027027027027032,0.02308949734368615,0.010282776349614395,0.489391886846793,0.7352185089974294,YBR013C,non_ess,non_ess
0.10115606936416184,0.026882185149969744,0.16216216216216214,0.06579485083776053,0.0344488188976378,0.5389180717220129,0.3021653543307087,YDR077W,non_ess,non_ess
0.10115606936416184,0.021523035698850376,0.027027027027027032,0.12259910093992644,0.01891891891891892,0.4077481411542547,0.08108108108108109,YPR155C,non_ess,non_ess
0.05780346820809248,0.01581813467023943,0.08108108108108109,0.07437678790355537,0.017513134851138354,0.3540155116337253,0.4185639229422067,YJL137C,non_ess,non_ess
0.04624277456647399,0.01521306940962918,0.35135135135135137,0.0190028606456886,0.0486322188449848,0.949359859998158,0.3069908814589666,YJR048W,non_ess,non_ess
0.03468208092485549,0.007260783127323019,0.13513513513513514,0.053739272578667764,0.014302741358760428,0.3473307822595822,0.2550655542312277,YML014W,non_ess,non_ess
0.0,0.0,0.0,0.20760114425827544,0.0,0.0,1.0,YPR204W,non_ess,non_ess
0.02023121387283237,0.01737401676895151,0.027027027027027032,0.01920719248058848,0.021084337349397592,1.149671412924425,0.5783132530120482,YKL223W,non_ess,non_ess
0.049132947976878616,0.009853919958509807,0.10810810810810813,0.045565999182672665,0.023643949930458968,0.646990606979608,0.21974965229485396,YER188W,non_ess,non_ess
0.0,0.0,0.0,0.006742950551695957,0.0,0.0,1.0,YKL096C-B,non_ess,non_ess
0.02890173410404624,0.0076929725991874845,0.054054054054054064,0.1681651001225991,0.003969829297340214,0.1001806069096708,0.26558157999206033,YNL041C,non_ess,non_ess
0.023121387283237003,0.0027660126199325783,0.027027027027027032,0.22353902738046588,0.002400960384153661,0.05866876367271647,0.4531812725090036,YNL163C,ess,ess
0.011560693641618495,0.00224738525369522,0.0,0.06252554147936247,0.004132231404958678,0.14452479338842975,0.4245867768595041,YKR022C,ess,ess
0.011560693641618495,0.0016423199930849686,0.0,0.048630976706170816,0.005235602094240838,0.196914591742936,0.3952879581151833,YOL038W,ess,ess
0.07803468208092486,0.03699541879159824,0.1891891891891892,0.05149162239476912,0.03349875930521092,0.6064864308202316,0.26054590570719605,YDL049C,non_ess,non_ess
0.011560693641618495,0.0005186273662373584,0.0,0.05762157744176542,0.004464285714285714,0.12921085464753587,0.6540178571428571,YBR160W,ess,ess
0.0057803468208092465,0.0017287578874578616,0.0,0.0995096035962403,0.0013236267372600929,0.04434149569821312,0.9272005294506948,YLL036C,ess,ess
0.023121387283237003,0.003457515774915723,0.027027027027027032,0.054352268083367385,0.009433962264150943,0.4456424079065589,0.31014150943396224,YHR090C,non_ess,non_ess
0.008670520231213872,0.0013830063099662892,0.0,0.14630159378831226,0.001364877161055505,0.04575412537195977,0.9631483166515014,YMR277W,ess,ess
0.05491329479768786,0.006915031549831446,0.0,0.2282386595831631,0.00558659217877095,0.24926358557643474,0.31608350485151426,YBL022C,non_ess,non_ess
0.13583815028901733,0.0987120753738439,0.13513513513513514,0.023293829178586026,0.11989795918367345,2.701388097138296,0.21428571428571427,YHL005C,non_ess,non_ess
0.023121387283237003,0.006828593655458553,0.10810810810810813,0.027993461381283204,0.01735357917570499,0.524503076718757,0.2754880694143167,YCR087C-A,non_ess,non_ess
0.011560693641618495,0.0017287578874578616,0.0,0.07580711074785453,0.0034393809114359416,0.10927404495762193,0.6147893379191746,YGL075C,ess,ess
0.023121387283237003,0.005791338922983836,0.027027027027027032,0.03889115924261,0.012882447665056359,0.225535291896848,0.3494363929146538,YDL130W,non_ess,non_ess
0.03468208092485549,0.003803267352407295,0.10810810810810813,0.049856967715570084,0.015345268542199487,0.3219814241486068,0.4386189258312021,YCR075C,non_ess,non_ess
0.0028901734104046237,0.0006050652606102515,0.0,0.014303228442991419,0.003846153846153847,0.12056655918931368,0.5769230769230769,YDR378C,non_ess,non_ess
0.06358381502890173,0.0087302273316622,0.0,0.3105843890478137,0.004772234273318872,0.08793563672507454,0.37483731019522776,YOL004W,non_ess,non_ess
0.023121387283237003,0.0087302273316622,0.08108108108108109,0.03391908459337965,0.0145985401459854,0.5479384493983034,0.6806569343065694,YCR101C,non_ess,non_ess
0.04046242774566474,0.005877776817356729,0.054054054054054064,0.07478545157335513,0.012195121951219513,0.3478474382059257,0.2343205574912892,YLR180W,non_ess,non_ess
0.031791907514450865,0.007433658916068805,0.027027027027027032,0.07335512872905599,0.009760425909494231,0.2535758651286601,0.26353149955634425,YNL307C,non_ess,non_ess
0.02890173410404624,0.009767482064136915,0.08108108108108109,0.05680425010216592,0.011312217194570135,0.23251860643374625,0.5746606334841629,YPR005C,non_ess,non_ess
0.023121387283237003,0.0036303915636615096,0.027027027027027032,0.06926849203105845,0.007497656982193066,0.18589778929378686,0.5876288659793815,YLR287C,non_ess,non_ess
0.03757225433526011,0.007952286282306162,0.08108108108108109,0.0298324478953821,0.02663934426229508,0.9272417539008492,0.26024590163934425,YDR014W-A,non_ess,non_ess
0.011560693641618495,0.0018151957818307548,0.0,0.04495300367797303,0.0056338028169014105,0.12920843840334584,0.9535211267605632,YKL009W,non_ess,non_ess
0.049132947976878616,0.009853919958509807,0.027027027027027032,0.07294646505925624,0.015165031222123104,0.38751314418989424,0.1471900089206066,YDR249C,non_ess,non_ess
0.0,0.0,0.0,0.004290968532897425,0.0,0.0,1.0,YLR163W-A,non_ess,non_ess
0.05491329479768786,0.016509637825222582,0.10810810810810813,0.07355946056395588,0.016814159292035398,0.5633461916647757,0.17699115044247787,YMR030W,non_ess,non_ess
0.05202312138728323,0.011669115740340566,0.0,0.1031875766244381,0.011501597444089457,0.38406868029557617,0.3552715654952077,YOR306C,non_ess,non_ess
0.0838150289017341,0.021695911487596163,0.2702702702702703,0.09113199836534533,0.020893371757925067,0.4972093532265714,0.09438040345821326,YKL194C,non_ess,non_ess
0.017341040462427744,0.0027660126199325783,0.0,0.06640784634246016,0.005853658536585366,0.2699068736141907,0.6653658536585366,YHR210C,non_ess,non_ess
0.017341040462427744,0.0027660126199325783,0.0,0.1103391908459338,0.003592814371257485,0.08712574850299401,0.5778443113772455,YML023C,ess,ess
0.023121387283237003,0.003025326303051257,0.6216216216216217,0.0253371475275848,0.018957345971563986,0.3739767341663076,0.48578199052132703,YJR044C,non_ess,non_ess
0.049132947976878616,0.0067421557610856594,0.2702702702702703,0.08316305680425011,0.013375295043273014,0.3059186940192936,0.17545239968528714,YJR084W,non_ess,non_ess
0.03468208092485549,0.007433658916068805,0.10810810810810813,0.01818553330608909,0.03785488958990536,0.9760455886842372,0.2870662460567823,YDR278C,non_ess,non_ess
0.05491329479768786,0.00950816838101824,0.054054054054054064,0.22456068655496528,0.005676725425754407,0.18122439071236496,0.2449955183746639,YGL094C,non_ess,non_ess
0.02890173410404624,0.0087302273316622,0.13513513513513514,0.027380465876583573,0.02212389380530973,0.9670470423847228,0.25221238938053103,YDL110C,non_ess,non_ess
0.0028901734104046237,0.0015558820987120756,0.0,0.021250510829587253,0.0027624309392265192,0.1228863217813494,0.9585635359116024,YDR542W,non_ess,non_ess
0.09248554913294796,0.04589852191200623,0.2702702702702703,0.12791172864732325,0.016597510373443983,0.2916979775868265,0.12655601659751034,YNR019W,non_ess,non_ess
0.01445086705202312,0.00112369262684761,0.08108108108108109,0.07703310175725378,0.004233700254022015,0.32750695536470303,0.6435224386113463,YJR032W,non_ess,non_ess
0.011560693641618495,0.0026795747255596854,0.0,0.07498978340825503,0.0034752389226759338,0.08606326979097459,0.8140747176368376,YDR498C,ess,ess
0.05202312138728323,0.005877776817356729,0.1891891891891892,0.085002043318349,0.01386748844375963,0.3424345146379045,0.17026194144838214,YLR387C,non_ess,non_ess
0.011560693641618495,0.0019880715705765406,0.0,0.027380465876583573,0.008849557522123894,0.2858079318256309,0.3650442477876106,YOR052C,non_ess,non_ess
0.017341040462427744,0.0036303915636615096,0.08108108108108109,0.03391908459337965,0.010948905109489052,0.2303382337822556,0.2883211678832117,YML078W,non_ess,non_ess
0.04046242774566474,0.00786584838793327,0.13513513513513514,0.07437678790355537,0.012259194395796848,0.37442868736918544,0.19439579684763567,YBR026C,non_ess,non_ess
0.04335260115606936,0.0060506526061025155,0.16216216216216214,0.08214139762975071,0.01194267515923567,0.2921443736730361,0.15445859872611464,YLR027C,non_ess,non_ess
0.03468208092485549,0.008643789437289308,0.0,0.15140988966080918,0.005279366476022877,0.22145714607270384,0.3902331720193577,YOR014W,non_ess,non_ess
0.09826589595375723,0.026882185149969744,0.40540540540540543,0.10196158561503883,0.02197802197802198,0.9399624765478424,0.13574660633484162,YDL159W,non_ess,non_ess
0.008670520231213872,0.0016423199930849686,0.4594594594594595,0.003473641193297916,0.0297029702970297,1.2802229802812213,0.38613861386138615,YPR159C-A,non_ess,non_ess
0.008670520231213872,0.0015558820987120756,0.16216216216216214,0.030717885846614907,0.0059880239520958105,0.18366628088361087,0.6766467065868264,YBR230C,non_ess,non_ess
0.04046242774566474,0.007087907338577231,0.0,0.05905190028606457,0.015267175572519085,0.6574630501867792,0.2355507088331516,YKR026C,non_ess,non_ess
0.049132947976878616,0.011669115740340566,0.0,0.17756436452799348,0.00639819345126082,0.1127543226549182,0.3835152427549868,YDL117W,non_ess,non_ess
0.0953757225433526,0.01849770939579912,0.0,0.2345729464650593,0.009444762449914138,0.30756760772010466,0.12993703491700054,YHR158C,non_ess,non_ess
0.026011560693641616,0.0047540841905091185,0.054054054054054064,0.060277891295463834,0.009625668449197863,0.20756441419543026,0.4556149732620321,YJR077C,non_ess,non_ess
0.13583815028901733,0.0636182902584493,0.2972972972972973,0.1211687780956273,0.02569710224166211,0.3952847163852688,0.2963367960634226,YBR068C,non_ess,non_ess
0.04335260115606936,0.007779410493560376,0.21621621621621626,0.026563138536984058,0.03409090909090909,1.3025078369905956,0.2136363636363636,YNL328C,non_ess,non_ess
0.15895953757225434,0.05514737660990578,0.054054054054054064,0.13833265222721702,0.026429601153291685,0.7608859271781986,0.08649687650168188,YDR234W,non_ess,non_ess
0.13005780346820808,0.042354568242717605,0.027027027027027032,0.14058030241111566,0.02128666035950804,0.4000424102045476,0.11684011352885525,YGL249W,non_ess,non_ess
0.008670520231213872,0.0003457515774915723,0.054054054054054064,0.03780138945647732,0.004958677685950414,0.15840721262208865,0.7090909090909091,YMR263W,non_ess,non_ess
0.011560693641618495,0.0017287578874578616,0.08108108108108109,0.022680833673886392,0.010443864229765013,0.27110530896431684,0.5248041775456919,YLL047W,non_ess,non_ess
0.14739884393063582,0.04416976402454837,0.08108108108108109,0.09154066203514508,0.036585365853658534,0.911951219512195,0.11262553802008607,YER089C,non_ess,non_ess
0.023121387283237003,0.008298037859797734,0.054054054054054064,0.01675521046178995,0.027027027027027032,0.5866704400735815,0.34121621621621623,YNR034W-A,non_ess,non_ess
0.017341040462427744,0.005013397873627798,0.0,0.002860645688598284,0.06521739130434782,1.37162471395881,0.44565217391304346,YAL037C-A,non_ess,non_ess
0.10693641618497107,0.028783818826173393,0.0,0.15427053534940746,0.015982721382289417,0.3466080046929579,0.10496760259179264,YGR143W,non_ess,non_ess
0.03468208092485549,0.009162416803526663,0.054054054054054064,0.15222721700040867,0.00525164113785558,0.2185165622877839,0.2376367614879649,YOR112W,non_ess,non_ess
0.10115606936416184,0.013570749416544212,0.10810810810810813,0.2601144258275439,0.009046265184802274,0.21402245660775,0.17937451537865082,YOR296W,non_ess,non_ess
0.011560693641618495,0.003025326303051257,0.027027027027027032,0.03821005312627708,0.006546644844517185,0.11899751717380895,0.6268412438625205,YKL214C,non_ess,non_ess
0.11560693641618495,0.018411271501426223,0.16216216216216214,0.2071924805884757,0.0129366106080207,0.6610190710678964,1.0,YNL329C,non_ess,non_ess
0.0057803468208092465,0.0036303915636615096,0.0,0.14139762975071518,0.0009407337723424273,0.13964315895211826,0.9129821260583256,YLR424W,ess,ess
0.04046242774566474,0.005532025239865157,0.027027027027027032,0.07029015120555783,0.012939001848428836,0.5545498158626236,0.19685767097966728,YNL037C,non_ess,non_ess
0.07803468208092486,0.017287578874578616,0.0,0.13526767470371884,0.013261296660117878,0.4912010938780346,0.18664047151277013,YNL027W,non_ess,non_ess
0.05491329479768786,0.02273316622007088,0.027027027027027032,0.03677973028197794,0.03220338983050846,0.8609670987038883,0.1847457627118644,YDR066C,non_ess,non_ess
0.05202312138728323,0.012706370472815282,0.054054054054054064,0.11381283203923173,0.010459035444509006,0.5308796255760827,0.4514816966879721,YER158C,non_ess,non_ess
0.0028901734104046237,0.0005186273662373584,0.027027027027027032,0.0361667347772783,0.0017211703958691911,0.06601194694745369,1.0,YDL151C,non_ess,non_ess
0.026011560693641616,0.007174345232950125,0.10810810810810813,0.031262770739681235,0.01768172888015717,0.6872962727247571,0.25343811394891946,YOL163W,non_ess,non_ess
0.08092485549132948,0.017719768346443083,0.054054054054054064,0.0678381691867593,0.02676864244741874,0.7136962866056153,0.14435946462715105,YLR377C,non_ess,non_ess
0.031791907514450865,0.005359149451119371,0.08108108108108109,0.115038823048631,0.0063254744105807935,0.13962384175150133,0.4226566992524439,YGL186C,non_ess,non_ess
0.0,0.0,0.0,0.10890886800163466,0.0,0.0,1.0,YKL089W,ess,ess
0.07514450867052022,0.017287578874578616,0.10810810810810813,0.11115651818553332,0.015457788347205709,0.4051436461969237,0.2384066587395957,YEL020C,non_ess,non_ess
0.0057803468208092465,0.0004321894718644654,0.10810810810810813,0.023293829178586026,0.005102040816326529,0.26138147566718994,0.6683673469387755,YDR442W,non_ess,non_ess
0.04624277456647399,0.014002938888408678,0.13513513513513514,0.030854107069881488,0.03180914512922465,0.9093673254590106,0.30417495029821073,YJL065C,non_ess,non_ess
0.0057803468208092465,0.002333823148068113,0.0,0.014507560277891298,0.0076045627376425855,0.7501056189269117,0.8555133079847909,YLR307C-A,non_ess,non_ess
0.0028901734104046237,8.643789437289306e-05,0.027027027027027032,0.014303228442991419,0.003846153846153847,0.11624175824175825,0.9153846153846154,YKL053C-A,non_ess,non_ess
0.03757225433526011,0.004840522084882012,0.08108108108108109,0.1485492439722109,0.00582698341550874,0.1989677255527362,0.262662483191394,YHR178W,non_ess,non_ess
0.02023121387283237,0.003025326303051257,0.054054054054054064,0.022476501838986515,0.018421052631578942,0.5097843728263389,0.8605263157894737,YKL123W,non_ess,non_ess
0.05491329479768786,0.019362088339528048,0.10810810810810813,0.06436452799346139,0.019095477386934675,0.5072817269869949,0.2221105527638191,YJL213W,non_ess,non_ess
0.03757225433526011,0.003284639986169937,0.32432432432432434,0.12443808745402535,0.0069259456579648365,0.15173508965637938,0.3825253063399041,YAL011W,non_ess,non_ess
0.011560693641618495,0.0019880715705765406,0.027027027027027032,0.008581937065794852,0.022727272727272728,1.1786905754795662,1.0,YHR073W-A,non_ess,non_ess
0.008670520231213872,0.0002593136831186792,0.0,0.04495300367797303,0.004225352112676056,0.3800256081946223,0.4943661971830986,YDR162C,non_ess,non_ess
0.011560693641618495,0.001901633676203648,0.0,0.049856967715570084,0.005115089514066497,0.10084398976982098,0.7301790281329923,YGR253C,ess,ess
0.06358381502890173,0.008470913648543521,0.054054054054054064,0.03555373927257867,0.038461538461538464,1.221916971916972,0.16958041958041958,YCR086W,non_ess,non_ess
0.02890173410404624,0.008816665226035093,0.0,0.09828361258684104,0.006697923643670462,0.29078227128900386,0.5036838580040187,YFL027C,non_ess,non_ess
0.011560693641618495,0.0013830063099662892,0.0,0.1058438904781365,0.002493765586034913,0.1322809048806555,0.6514962593516209,YDR434W,ess,ess
0.02890173410404624,0.0067421557610856594,0.027027027027027032,0.04311401716387413,0.014641288433382138,0.5253638790801826,0.2928257686676428,YMR090W,non_ess,non_ess
0.10404624277456646,0.021782349381969053,0.054054054054054064,0.13996730690641604,0.0171021377672209,0.3640855106888361,0.13254156769596198,YGR266W,non_ess,non_ess
0.031791907514450865,0.005964214711729622,0.2432432432432433,0.05782590927666531,0.012235817575083428,0.3698907074880378,0.1913236929922136,YJL068C,non_ess,non_ess
0.0722543352601156,0.013916500994035784,0.08108108108108109,0.02063751532488762,0.0708215297450425,6.0519620186759004,0.1558073654390935,YDL242W,non_ess,non_ess
0.07803468208092486,0.019621402022646728,0.0,0.1945239068246833,0.009291121816930488,0.20485790542695514,0.1913282863041982,YNL243W,non_ess,non_ess
0.02023121387283237,0.003457515774915723,0.21621621621621626,0.07029015120555783,0.006469500924214418,0.15610821710636869,0.5027726432532348,YPR075C,non_ess,non_ess
0.03757225433526011,0.005186273662373585,0.027027027027027032,0.11095218635063343,0.007742703990470519,0.36343061346039307,0.2394282310899345,YDL106C,non_ess,non_ess
0.12716763005780346,0.0325006482842078,0.16216216216216214,0.1791990192071925,0.01641178664677359,0.5381048929045487,0.18798955613577026,YNR047W,non_ess,non_ess
0.06936416184971098,0.01434869046590025,0.027027027027027032,0.07866775643645281,0.019917012448132786,0.4364945258211269,0.13609958506224065,YLR328W,non_ess,non_ess
0.0838150289017341,0.015040193620883397,0.0,0.11646914589293013,0.016477272727272726,0.3855556515727617,0.18352272727272728,YNL065W,non_ess,non_ess
0.06647398843930635,0.01486731783213761,0.08108108108108109,0.06633973573082687,0.0224609375,1.5456792091836735,0.1796875,YJR021C,non_ess,non_ess
0.011560693641618495,0.0009508168381018238,0.054054054054054064,0.051287290559869234,0.0049813200498132005,0.13026853524634732,0.6077210460772104,YER180C,non_ess,non_ess
0.049132947976878616,0.027487250410580002,0.40540540540540543,0.0923579893747446,0.01209103840682788,0.3527264106211475,0.1301564722617354,YBR297W,non_ess,non_ess
0.011560693641618495,0.00449477050739044,0.0,0.11463015937883125,0.002308136180034622,0.054041806267616906,0.8240046162723601,YGR278W,ess,ess
0.0838150289017341,0.016163886247731005,0.10810810810810813,0.1702084184715979,0.011377010592389172,0.6517019361687397,0.1781090623774029,YPL105C,non_ess,non_ess
0.0,0.0,0.0,0.02840212505108296,0.0,0.0,1.0,YIL098C,non_ess,non_ess
0.008670520231213872,0.0010372547324747168,0.0,0.1113608500204332,0.001780415430267062,0.05341246290801187,0.5667655786350149,YDR062W,ess,ess
0.008670520231213872,0.0044083326130175465,0.0,0.052513281569268495,0.003654080389768575,0.10228635717008673,0.5980511571254568,YML105C,ess,ess
0.023121387283237003,0.003457515774915723,0.0,0.1240294237842256,0.00427578834847675,0.09088722608230893,0.398717263495457,YJL085W,ess,ess
0.01445086705202312,0.005964214711729622,0.2972972972972973,0.01920719248058848,0.015060240963855422,0.3152610441767068,0.8855421686746988,YAL044W-A,non_ess,non_ess
0.0057803468208092465,0.0014694442043391822,0.0,0.0063342868818962,0.013986013986013986,0.3623277307487834,1.0,YDR354C-A,non_ess,non_ess
0.0057803468208092465,0.0017287578874578616,0.027027027027027032,0.04045770331017573,0.003105590062111801,0.12547297779681588,0.8183229813664596,YHR105W,non_ess,non_ess
0.011560693641618495,0.0010372547324747168,0.054054054054054064,0.1185124642419289,0.00223463687150838,0.05859453102028815,0.6731843575418994,YGR246C,ess,ess
0.0028901734104046237,0.001210130521220503,0.1891891891891892,0.016346546791990192,0.003448275862068965,0.14285714285714285,0.6241379310344828,YDR322C-A,non_ess,non_ess
0.09826589595375723,0.032154896706716216,0.10810810810810813,0.021046178994687373,0.0947075208913649,1.7623834322393122,0.5069637883008357,YJR128W,non_ess,non_ess
0.1329479768786127,0.09179704382401244,0.16216216216216214,0.036575398447078064,0.07836456558773425,2.2881209269624945,0.14310051107325386,YEL067C,non_ess,non_ess
0.0057803468208092465,0.001210130521220503,0.0,0.02615447486718431,0.004608294930875576,0.1336131226684222,0.8018433179723502,YDR360W,non_ess,non_ess
0.09248554913294796,0.03293283775607226,0.35135135135135137,0.0588475684511647,0.0350109409190372,0.9222882150672084,0.1422319474835886,YPL186C,non_ess,non_ess
0.07803468208092486,0.017633330452070186,0.0,0.16836943195749898,0.01070578905630452,0.33748725501302823,0.14948453608247422,YBL008W,non_ess,non_ess
0.2052023121387283,0.037427608263462704,0.027027027027027032,0.6011442582754394,0.007999098693105002,0.2079063984883344,0.12978819287967552,YLR087C,non_ess,non_ess
0.06936416184971098,0.020399343072002758,0.2972972972972973,0.01185124642419289,0.10714285714285714,2.214810924369748,0.1875,YJL133C-A,non_ess,non_ess
0.026011560693641616,0.005186273662373585,0.13513513513513514,0.05714480316033239,0.010123734533183352,0.2667867383629069,0.3779527559055118,YIL133C,non_ess,non_ess
0.08959537572254335,0.015645258881493648,0.0,0.1536575398447078,0.013443191673894187,0.3002689367160568,0.12922810060711187,YDR119W,non_ess,non_ess
0.05202312138728323,0.008298037859797734,0.027027027027027032,0.11646914589293013,0.010227272727272729,0.2183216231717809,0.2636363636363636,YOL015W,non_ess,non_ess
0.011560693641618495,0.0028524505143054713,0.027027027027027032,0.05843890478136495,0.004405286343612335,0.11018279406552232,0.8414096916299559,YER076C,non_ess,non_ess
0.06647398843930635,0.009075978909153772,0.13513513513513514,0.10747854515733553,0.014127764127764128,0.4243129934877508,0.2708845208845209,YDR057W,non_ess,non_ess
0.008670520231213872,0.0013830063099662892,0.0,0.08561503882304862,0.002295332823259373,0.06947721705361562,0.7765876052027544,YHR118C,ess,ess
0.04624277456647399,0.006309966289221194,0.08108108108108109,0.0968532897425419,0.010869565217391304,0.5092155009451795,0.3220108695652174,YNL022C,non_ess,non_ess
0.02890173410404624,0.060938715532889626,0.027027027027027032,0.016959542296689827,0.033444816053511704,1.412165360944396,0.274247491638796,YDR543C,non_ess,non_ess
0.06647398843930635,0.01037254732474717,0.054054054054054064,0.10829587249693504,0.014024390243902441,0.2691604127579737,0.16707317073170733,YMR199W,non_ess,non_ess
0.02023121387283237,0.005272711556746477,0.0,0.03003677973028198,0.014256619144602854,0.6970948776082696,0.9511201629327902,YOL099C,non_ess,non_ess
0.008670520231213872,0.0010372547324747168,0.13513513513513514,0.02595014303228444,0.006960556844547564,0.2897479255967596,0.3944315545243621,YNL081C,non_ess,non_ess
0.0722543352601156,0.013570749416544212,0.0,0.10727421332243564,0.015384615384615384,0.3214213607914395,0.12430769230769233,YMR011W,non_ess,non_ess
0.02890173410404624,0.005964214711729622,0.054054054054054064,0.053739272578667764,0.011918951132300357,0.3124681811920149,0.9106078665077472,YEL018W,non_ess,non_ess
0.031791907514450865,0.006569279972339874,0.0,0.06722517368205967,0.010607521697203472,0.2644156500734943,0.4860173577627773,YBL033C,non_ess,non_ess
0.10982658959537572,0.022906042008816664,0.027027027027027032,0.03555373927257867,0.06643356643356642,1.5455679455679456,0.2447552447552448,YDR136C,non_ess,non_ess
0.017341040462427744,0.005186273662373585,0.027027027027027032,0.0190028606456886,0.0182370820668693,0.6647101980924431,0.331306990881459,YLR123C,non_ess,non_ess
0.09248554913294796,0.028438067248681826,0.027027027027027032,0.10114425827543932,0.020846905537459284,0.4140652156397832,0.1029315960912052,YJR010W,non_ess,non_ess
0.023121387283237003,0.08151093439363817,0.0,0.004495300367797304,0.06896551724137931,3.1241379310344826,0.603448275862069,YLR466C-B,non_ess,non_ess
0.07514450867052022,0.047108652433226726,0.027027027027027032,0.014916223947691053,0.0966542750929368,3.44360322785384,1.0,YKR075W-A,non_ess,non_ess
0.04624277456647399,0.0075200968104416985,0.10810810810810813,0.05619125459746629,0.018285714285714287,0.3413164956590371,0.21142857142857144,YLR351C,non_ess,non_ess
0.05202312138728323,0.018670585184544904,0.10810810810810813,0.06620351450756028,0.017612524461839533,0.5529814665592263,0.29158512720156554,YFR055W,non_ess,non_ess
0.049132947976878616,0.007174345232950125,0.0,0.08030241111565183,0.013832384052074858,0.29598272882231713,0.2001627339300244,YNL064C,non_ess,non_ess
0.02890173410404624,0.006309966289221194,0.10810810810810813,0.07642010625255416,0.008532423208191127,0.4165120937824604,0.26535836177474403,YDL237W,non_ess,non_ess
0.031791907514450865,0.005704901028610943,0.0,0.08418471597874949,0.008553654743390357,0.2728549555740413,0.3872472783825817,YGL196W,non_ess,non_ess
0.01445086705202312,0.003025326303051257,0.0,0.06742950551695955,0.004807692307692308,0.1387871387871388,0.698076923076923,YIL019W,ess,ess
0.0722543352601156,0.02195522517071484,0.027027027027027032,0.14957090314671026,0.011130899376669634,0.2332377741835825,0.5614425645592164,YLR135W,non_ess,non_ess
0.02890173410404624,0.005359149451119371,0.13513513513513514,0.020228851655087855,0.02881844380403458,0.7558044695775108,0.2881844380403458,YOR327C,non_ess,non_ess
0.08670520231213873,0.03206845881234333,0.16216216216216214,0.10727421332243564,0.018461538461538463,0.4309326072157931,0.2689230769230769,YHR006W,non_ess,non_ess
0.08670520231213873,0.039242804045293456,0.027027027027027032,0.21127911728647325,0.00951776649746193,0.28714761602610595,0.2265228426395939,YDR017C,non_ess,non_ess
0.06069364161849713,0.010631861007865848,0.027027027027027032,0.21107478545157327,0.006668783740870117,0.19047142602348213,0.18259765004763406,YDL077C,non_ess,non_ess
0.13005780346820808,0.07926354913994295,0.35135135135135137,0.034940743767879034,0.07992895204262877,1.3470692717584372,1.0,YIR017C,non_ess,non_ess
0.17341040462427745,0.04589852191200623,0.027027027027027032,0.21584252826590386,0.01863932898415657,0.4198319709198956,0.19757688723205968,YGL178W,non_ess,non_ess
0.05202312138728323,0.010545423113492956,0.0,0.06497752349816102,0.017928286852589643,0.5449365329380155,0.14043824701195218,YKL085W,non_ess,non_ess
0.23121387283236994,0.0685452502377042,0.1891891891891892,0.15140988966080918,0.03519577650681918,0.8095028596568412,0.07039155301363836,YLL001W,non_ess,non_ess
0.023121387283237003,0.003976143141153081,0.1891891891891892,0.026358806702084188,0.01830663615560641,0.3876193852665958,0.5240274599542334,YER145C-A,non_ess,non_ess
0.06647398843930635,0.010631861007865848,0.054054054054054064,0.09460563955864323,0.015983321751216122,0.27078439701196383,0.1487143849895761,YGR255C,non_ess,non_ess
0.049132947976878616,0.01184199152908635,0.0,0.05823457294646505,0.01878453038674033,0.7482504604051565,0.2364640883977901,YNL194C,non_ess,non_ess
0.09248554913294796,0.017719768346443083,0.13513513513513514,0.14262362076011445,0.01492537313432836,0.6887900920927279,0.25279850746268656,YFL047W,non_ess,non_ess
0.0057803468208092465,0.0007779410493560378,0.0,0.01409889660809154,0.007782101167315175,0.20359416117496232,1.0,YJL020W-A,non_ess,non_ess
0.023121387283237003,0.0037168294580344026,0.0,0.06661217817736004,0.007782101167315175,0.2495791594226895,0.3638132295719844,YMR126C,non_ess,non_ess
0.02890173410404624,0.010026795747255596,0.2972972972972973,0.004699632202697182,0.08403361344537816,3.648789988098244,0.3781512605042017,YBL100W-C,non_ess,non_ess
0.04046242774566474,0.00760653470481459,0.21621621621621626,0.09378831221904374,0.009810791871058164,0.7523559497536842,0.2417659425367905,YPL259C,non_ess,non_ess
0.0,0.0,0.0,0.010012259910093994,0.0,0.0,1.0,YEL020C-B,non_ess,non_ess
0.0722543352601156,0.01797908202956176,0.13513513513513514,0.06947282386595832,0.02336448598130841,1.1387112641416626,0.16074766355140188,YDL144C,non_ess,non_ess
0.0057803468208092465,0.0006915031549831446,0.0,0.08541070698814876,0.0015337423312883436,0.0561125243154272,0.6863496932515337,YOR117W,ess,ess
0.08092485549132948,0.033365027227936724,0.13513513513513514,0.09889660809154067,0.018641810918774968,0.3833584849829856,0.15579227696404793,YDR516C,non_ess,non_ess
0.0028901734104046237,0.0004321894718644654,0.0,0.04025337147527585,0.0015600624024961,0.06601240793817799,0.9516380655226208,YOL139C,ess,ess
0.0838150289017341,0.021868787276341943,0.027027027027027032,0.18083367388639152,0.010720887245841035,0.4631678549423466,0.12532347504621072,YDL154W,non_ess,non_ess
0.04335260115606936,0.007001469444204339,0.10810810810810813,0.10461789946873724,0.009457755359394705,0.18104078298750428,0.2042875157629256,YCL038C,non_ess,non_ess
0.0028901734104046237,8.643789437289306e-05,0.054054054054054064,0.005721291377196569,0.00746268656716418,0.2011680726800779,1.0,YLR286W-A,non_ess,non_ess
0.023121387283237003,0.004321894718644654,0.0,0.0815284021250511,0.0064153969526864465,0.24423267003599336,0.5324779470729751,YDR222W,non_ess,non_ess
0.06647398843930635,0.01486731783213761,0.08108108108108109,0.10563955864323664,0.014366021236727047,0.2352371613619624,0.1942535915053092,YER056C,non_ess,non_ess
0.011560693641618495,0.003198202091797044,0.08108108108108109,0.03964037597057622,0.006329113924050633,0.17222157705260713,0.8575949367088608,YML095C,non_ess,non_ess
0.0,0.0,0.0,0.05292194523906825,0.0,0.0,1.0,YCR047C,non_ess,ess
0.08959537572254335,0.013311435733425534,0.13513513513513514,0.14282795259501432,0.014438751746623197,0.4999417792268282,0.13227759664648348,YPL164C,non_ess,non_ess
0.031791907514450865,0.007087907338577231,0.0,0.1176951369023294,0.006186726659167604,0.13425648436281232,0.3807649043869517,YLR089C,non_ess,non_ess
0.0028901734104046237,8.643789437289306e-05,0.0,0.04270535349407438,0.0014771048744460858,0.04346581475501815,0.7311669128508124,YJR123W,ess,ess
0.011560693641618495,0.0014694442043391822,0.0,0.12443808745402535,0.002131060202450719,0.04544426904045279,0.4294086307938199,YKR008W,ess,ess
0.02890173410404624,0.003111764197424151,0.10810810810810813,0.06640784634246016,0.00975609756097561,0.3096806638169474,0.2360975609756097,YGL153W,non_ess,non_ess
0.026011560693641616,0.0029388884086783643,0.0,0.1636697997548018,0.003668976763147167,0.18086696562032886,0.2645739910313901,YLR222C,ess,ess
0.04046242774566474,0.008903103120407986,0.027027027027027032,0.07989374744585206,0.011447260834014716,1.2116289633869357,0.2044153720359771,YLR225C,non_ess,non_ess
0.02890173410404624,0.006828593655458553,0.0,0.08111973845525132,0.008058017727639,0.4020195406929895,0.508460918614021,YGL170C,non_ess,non_ess
0.05202312138728323,0.009335292592272452,0.08108108108108109,0.09664895790764202,0.012253233492171544,0.4145957085707359,0.3253914227365555,YER045C,non_ess,non_ess
0.04046242774566474,0.007260783127323019,0.32432432432432434,0.13792398855741725,0.006746987951807229,0.1671609514983009,0.2081927710843373,YBR098W,non_ess,non_ess
0.1213872832369942,0.024289048318782952,0.054054054054054064,0.1076828769922354,0.02575107296137339,0.7467811158798283,0.1508277130594727,YLR023C,non_ess,non_ess
0.008670520231213872,0.0008643789437289308,0.027027027027027032,0.017776869636289334,0.00964630225080386,0.3983355400037829,1.0,YDR431W,non_ess,non_ess
0.01445086705202312,0.003111764197424151,0.027027027027027032,0.02118240021795396,0.013850415512465374,0.3712817106584042,0.4764542936288089,YPR010C-A,non_ess,non_ess
0.11271676300578035,0.04728152822197251,0.027027027027027032,0.1068655496526359,0.024088943792464484,0.7421783674240298,0.17541692402717726,YBR078W,non_ess,non_ess
0.06647398843930635,0.014953755726510504,0.10810810810810813,0.0659991826726604,0.022571148184494603,0.7200474927004203,0.25024533856722275,YPL244C,non_ess,non_ess
0.1184971098265896,0.029475321981156537,0.0,0.38005721291377204,0.007282415630550622,0.18802417969578025,0.14547069271758434,YLR342W,non_ess,non_ess
0.09826589595375723,0.019102774656409367,0.10810810810810813,0.1626481405803024,0.01394585726004922,0.2884003281378179,0.12387202625102545,YLR095C,non_ess,non_ess
0.06358381502890173,0.02411617253003717,0.0,0.09664895790764202,0.014976174268209666,0.3500772053329791,0.7031994554118448,YDR402C,non_ess,non_ess
0.0028901734104046237,0.0003457515774915723,0.0,0.04229668982427463,0.0014903129657228018,0.04172083584361226,0.9597615499254843,YBR193C,ess,ess
0.0,0.0,0.0,0.04781364936657132,0.0,0.0,1.0,YML092C,ess,ess
0.01445086705202312,0.0017287578874578616,0.16216216216216214,0.06620351450756028,0.004892367906066536,0.2074034169616746,0.3561643835616438,YLR151C,non_ess,non_ess
0.026011560693641616,0.005704901028610943,0.027027027027027032,0.0768287699223539,0.00764006791171477,0.13857716675638745,0.5789473684210527,YLR082C,non_ess,non_ess
0.031791907514450865,0.00898954101478088,0.13513513513513514,0.037188393951777685,0.018456375838926176,0.3852768456375839,0.2365771812080537,YMR184W,non_ess,non_ess
0.026011560693641616,0.004926959979254904,0.0,0.3017981201471189,0.002008480249944209,0.060280157245120425,0.35438518187904483,YDR180W,ess,ess
0.08092485549132948,0.01685538940271415,0.054054054054054064,0.13465467919901922,0.013813517513566848,0.253389810248865,0.14553527380365072,YOR087W,non_ess,non_ess
0.0953757225433526,0.030080387241766787,0.054054054054054064,0.07846342460155292,0.027454242928452586,0.5032947494248454,0.1480865224625624,YNL092W,non_ess,non_ess
0.026011560693641616,0.005704901028610943,0.13513513513513514,0.0506742950551696,0.011335012594458438,0.4092006617679936,0.2355163727959697,YDR471W,non_ess,non_ess
0.02890173410404624,0.010286109430374276,0.08108108108108109,0.1275030649775235,0.005202913631633715,0.1109216906148294,0.5868886576482829,YJL127C,non_ess,non_ess
0.07803468208092486,0.03405653038291987,0.0,0.027993461381283204,0.05856832971800434,7.108065470321436,0.2646420824295011,YHR217C,non_ess,non_ess
0.03757225433526011,0.007433658916068805,0.0,0.01838986514098897,0.040625,1.648359375,0.43125,YPR087W,non_ess,non_ess
0.06647398843930635,0.01097761258535742,0.0,0.16387413158970168,0.009364820846905538,0.2211722229608456,0.373371335504886,YOR322C,non_ess,non_ess
0.04624277456647399,0.008298037859797734,0.0,0.06661217817736004,0.01556420233463035,0.29381596639655394,0.3375486381322957,YMR144W,non_ess,non_ess
0.12716763005780346,0.04425620191892125,0.16216216216216214,0.1610134859011034,0.018227009113504555,0.4323072674356849,0.1975973487986744,YGR067C,non_ess,non_ess
0.01445086705202312,0.0015558820987120756,0.0,0.07029015120555783,0.004621072088724585,0.13453832698582044,0.3641404805914972,YLR215C,ess,ess
0.04335260115606936,0.005359149451119371,0.054054054054054064,0.2088271352676747,0.004813863928112966,0.1406388861459465,0.33697047496790755,YPL009C,non_ess,non_ess
0.10115606936416184,0.02627711988935949,0.054054054054054064,0.12014711892112792,0.019294377067254686,0.4397261467698731,0.13230429988974646,YOR108W,non_ess,non_ess
0.05491329479768786,0.006915031549831446,0.13513513513513514,0.13015937883122192,0.009688934217236104,0.35661528844730306,0.3906170321264661,YBR215W,non_ess,non_ess
0.15606936416184972,0.02644999567810528,0.0,0.4395177768696363,0.008303859757035214,0.33015930709303004,0.08088574504075043,YCR032W,non_ess,non_ess
0.06936416184971098,0.029648197769902324,0.0,0.13077237433592154,0.012182741116751269,0.3966159052453469,0.4807106598984772,YIL037C,non_ess,non_ess
0.12716763005780346,0.050825481891261126,0.4324324324324325,0.05762157744176542,0.049107142857142856,0.8338747848537005,0.1328125,YLR348C,non_ess,non_ess
0.03757225433526011,0.010199671536001384,0.08108108108108109,0.031671434409481,0.02524271844660194,0.7629482861105606,1.0,YCR087W,non_ess,non_ess
0.03757225433526011,0.005532025239865157,0.13513513513513514,0.046996322026971814,0.01756756756756757,0.6426195426195427,0.4594594594594595,YHR043C,non_ess,non_ess
0.03757225433526011,0.02109084622698591,0.08108108108108109,0.01736820596648958,0.04262295081967213,2.194262295081967,0.4819672131147541,YPR092W,non_ess,non_ess
0.0722543352601156,0.0649148586740427,0.13513513513513514,0.0335104209235799,0.04612546125461255,0.7751608064709076,0.22140221402214025,YJL161W,non_ess,non_ess
0.10115606936416184,0.035612412481631946,0.027027027027027032,0.2374335921536576,0.009898190045248868,0.2526472442697129,0.13857466063348414,YPR049C,non_ess,non_ess
0.03757225433526011,0.003457515774915723,0.027027027027027032,0.07029015120555783,0.012014787430683918,0.2681289998978255,0.33733826247689463,YOR221C,non_ess,non_ess
0.0,0.0,0.0,0.0036779730281977937,0.0,0.0,1.0,YBL107W-A,non_ess,non_ess
0.0057803468208092465,0.0010372547324747168,0.0,0.04147936248467512,0.0030349013657056147,0.0990382201067674,0.8345978755690441,YDR302W,ess,ess
0.011560693641618495,0.003198202091797044,0.027027027027027032,0.004903964037597058,0.032786885245901634,1.0042547866349645,0.4836065573770492,YCR024C-A,non_ess,non_ess
0.05202312138728323,0.009335292592272452,0.10810810810810813,0.018594196975888846,0.05572755417956656,1.586687306501548,0.21981424148606807,YJL119C,non_ess,non_ess
0.18208092485549127,0.04589852191200623,0.32432432432432434,0.08336738863914997,0.04945054945054945,1.2441308691308692,0.1695447409733124,YLR438W,non_ess,non_ess
0.02023121387283237,0.002506698936813899,0.027027027027027032,0.21924805884756848,0.002141327623126339,0.0603938915812014,0.6301621290914653,YMR308C,ess,ess
0.05491329479768786,0.01149623995159478,0.3783783783783784,0.049243972210870464,0.02457956015523933,0.3624691209456095,0.18628719275549807,YIL064W,non_ess,non_ess
0.03468208092485549,0.006828593655458553,0.1891891891891892,0.014711892112791171,0.045112781954887216,1.2074758324382384,0.44360902255639095,YBR076C-A,non_ess,non_ess
0.04335260115606936,0.00786584838793327,0.0,0.04188802615447487,0.022556390977443608,1.0543572044866265,0.4691729323308271,YCR018C,non_ess,non_ess
0.05491329479768786,0.01486731783213761,0.32432432432432434,0.04270535349407438,0.028064992614475627,0.4554777295998052,0.3855243722304284,YGL166W,non_ess,non_ess
0.031791907514450865,0.009335292592272452,0.40540540540540543,0.024451709576352003,0.026894865525672367,0.9856050117339774,0.26405867970660146,YDL012C,non_ess,non_ess
0.10693641618497107,0.037341170369089814,0.08108108108108109,0.13179403351042093,0.018639798488664986,0.5071240827948746,0.14105793450881612,YNL279W,non_ess,non_ess
0.03757225433526011,0.011582677845967672,0.10810810810810813,0.043931344503473635,0.01870503597122302,0.40461946232487694,0.3050359712230216,YBR111C,non_ess,non_ess
0.07803468208092486,0.017806206240815973,0.1891891891891892,0.10237024928483858,0.017385705086928525,1.0619472515342259,0.15904700579523506,YIL085C,non_ess,non_ess
0.14739884393063582,0.08712939752787621,0.35135135135135137,0.03739272578667757,0.08514190317195326,1.4436282693377849,0.16026711185308848,YIR017W-A,non_ess,non_ess
0.17341040462427745,0.06880456392082289,0.13513513513513514,0.11483449121373113,0.034562211981566816,0.7523619735601302,0.07603686635944701,YJR103W,non_ess,non_ess
0.049132947976878616,0.011150488374103209,0.054054054054054064,0.11524315488353085,0.009758897818599307,0.4094712796051464,0.17680826636050515,YMR282C,non_ess,non_ess
0.008670520231213872,0.0006915031549831446,0.08108108108108109,0.07744176542705354,0.002527379949452401,0.2772734587241937,0.5509688289806234,YLR226W,non_ess,non_ess
0.18208092485549127,0.05047973031376955,0.21621621621621626,0.1765427053534941,0.02384557153671461,0.4070678928013115,0.08554125662376988,YAL056W,non_ess,non_ess
0.05491329479768786,0.01521306940962918,0.16216216216216214,0.015120555782590932,0.06985294117647059,1.956633459835548,0.16911764705882354,YOL086W-A,non_ess,non_ess
0.04046242774566474,0.0047540841905091185,0.0,0.07110747854515734,0.01279707495429616,0.38323425790282944,0.20383912248628885,YPL236C,non_ess,non_ess
0.0057803468208092465,0.0003457515774915723,0.0,0.05680425010216592,0.0022624434389140274,0.07158472723575167,0.6380090497737556,YDR489W,ess,ess
0.07514450867052022,0.010286109430374276,0.10810810810810813,0.2893338782182264,0.00604932526756631,0.1262004476057524,0.1742671009771987,YPR189W,non_ess,non_ess
0.017341040462427744,0.003457515774915723,0.0,0.07744176542705354,0.005054759898904802,0.1745643814592074,0.590564448188711,YOR057W,ess,ess
0.06358381502890173,0.01823839571268044,0.027027027027027032,0.020433183489987745,0.06285714285714286,2.1297733990147782,0.3028571428571429,YLR269C,non_ess,non_ess
0.011560693641618495,0.0015558820987120756,0.054054054054054064,0.08970167552104619,0.002926115581565472,0.08103089302796693,0.5947329919531822,YOL072W,non_ess,non_ess
0.023121387283237003,0.003976143141153081,0.08108108108108109,0.024928483857785046,0.019230769230769232,0.5092032967032968,0.5,YBR269C,non_ess,non_ess
0.09248554913294796,0.01849770939579912,0.027027027027027032,0.21209644462607274,0.010113780025284451,0.2891522433128087,0.11662452591656132,YMR261C,non_ess,non_ess
0.06069364161849713,0.0087302273316622,0.0,0.2842255823457295,0.004972768174283685,0.1380929828715763,0.278711816244376,YPR164W,non_ess,non_ess
0.04046242774566474,0.009335292592272452,0.16216216216216214,0.04474867184307317,0.0198019801980198,0.5078330617871913,0.2489391796322489,YIL152W,non_ess,non_ess
0.06358381502890173,0.0174604546633244,0.1891891891891892,0.06681651001225991,0.02133850630455868,0.6422575050288352,0.20368574199806014,YDL078C,non_ess,non_ess
0.05491329479768786,0.01037254732474717,0.13513513513513514,0.06456885982836126,0.01903807615230461,0.556497610605827,0.18036072144288576,YGR080W,non_ess,non_ess
0.08092485549132948,0.01884346097329069,0.08108108108108109,0.08847568451164692,0.020756115641215715,0.5390755014126185,0.13046701260192736,YKL046C,non_ess,non_ess
0.10982658959537572,0.022300976748206414,0.10810810810810813,0.10870453616673477,0.02308626974483597,0.9073402274535172,0.2138517618469016,YBR008C,non_ess,non_ess
0.05202312138728323,0.011928429423459244,0.027027027027027032,0.10931753167143443,0.010876132930513595,0.3409846950632449,0.3099697885196375,YOR132W,non_ess,non_ess
0.011560693641618495,0.003025326303051257,0.0,0.042092357989374746,0.0059880239520958105,0.4575210481293053,0.6227544910179641,YFL060C,non_ess,non_ess
0.031791907514450865,0.00561846313423805,0.4594594594594595,0.053330608908867996,0.013205282112845138,0.3046481750594975,0.2845138055222089,YKL023W,non_ess,non_ess
0.04624277456647399,0.01754689255769729,0.0,0.1285247241520229,0.008260196179659271,0.17242394692059124,0.17398038203407332,YJL073W,non_ess,non_ess
0.008670520231213872,0.001210130521220503,0.054054054054054064,0.05353494074376789,0.003588516746411484,0.1378184404500194,0.42105263157894735,YGL019W,non_ess,non_ess
0.12716763005780346,0.02256029043132509,0.027027027027027032,0.3357172047404985,0.008837115886724242,0.33519386072667995,0.13677445270134564,YDR283C,non_ess,non_ess
0.15317919075144507,0.04330538508081943,0.10810810810810813,0.08663669799754803,0.040090771558245086,1.019861863817129,0.10665658093797276,YOL059W,non_ess,non_ess
0.09826589595375723,0.012533494684069495,0.0,0.3951777686963629,0.00580997949419002,0.15883935355360698,0.12799043062200954,YGR184C,non_ess,non_ess
0.011560693641618495,0.0009508168381018238,0.027027027027027032,0.03698406211687781,0.006745362563237775,0.16863406408094433,0.6509274873524452,YMR295C,non_ess,non_ess
0.03757225433526011,0.006915031549831446,0.08108108108108109,0.20004086636698,0.004352192835621024,0.1890095174326845,0.21627050552393706,YIL169C,non_ess,non_ess
0.06358381502890173,0.009940357852882704,0.08108108108108109,0.2648140580302411,0.00558659217877095,0.19242239677405806,0.33494159471813106,YNL250W,non_ess,non_ess
0.06647398843930635,0.014002938888408678,0.027027027027027032,0.126685737637924,0.012041884816753926,0.3470187865722205,0.15392670157068064,YNL176C,non_ess,non_ess
0.04046242774566474,0.005359149451119371,0.0,0.11340416836943196,0.00816326530612245,0.3605556508317613,0.2419825072886297,YHR184W,non_ess,non_ess
0.0028901734104046237,0.00017287578874578615,0.2432432432432433,0.004495300367797304,0.008620689655172414,0.2443455691509084,1.0,YLR264C-A,non_ess,non_ess
0.011560693641618495,0.003889705246780188,0.027027027027027032,0.022680833673886392,0.010443864229765013,0.3178192444966105,0.4882506527415144,YPL182C,non_ess,non_ess
0.05491329479768786,0.011755553634713456,0.054054054054054064,0.2310993052717613,0.00551844321812373,0.1266037682815999,0.11501597444089455,YLR096W,non_ess,non_ess
0.0722543352601156,0.014780879937764715,0.1891891891891892,0.1031194660128048,0.0159846547314578,0.4697190043963024,0.14641943734015345,YKL081W,non_ess,non_ess
0.06647398843930635,0.01823839571268044,0.054054054054054064,0.06007355946056396,0.02467811158798283,0.5492577863527188,0.2585836909871245,YBR061C,non_ess,non_ess
0.026011560693641616,0.006482842077966981,0.0,0.0768287699223539,0.00764006791171477,0.23295505316772405,0.3073005093378608,YLR449W,non_ess,non_ess
0.03468208092485549,0.00561846313423805,0.3783783783783784,0.027993461381283204,0.026030368763557483,0.3955899619892933,0.2516268980477224,YHL034W-A,non_ess,non_ess
0.0057803468208092465,0.0015558820987120756,0.054054054054054064,0.06804250102165918,0.0019065776930409914,0.04808453571601687,0.6110581506196378,YPR129W,non_ess,non_ess
0.07803468208092486,0.019362088339528048,0.027027027027027032,0.221700040866367,0.008169440242057489,0.20417167975031866,0.4350983358547655,YOL045W,non_ess,non_ess
0.03757225433526011,0.007174345232950125,0.0,0.15999182672660406,0.0054189245518966225,0.1224247119019138,0.4260108378491038,YPL180W,non_ess,non_ess
0.05202312138728323,0.009335292592272452,0.054054054054054064,0.07478545157335513,0.0156794425087108,0.5479430101634631,0.19250871080139373,YGL256W,non_ess,non_ess
0.0028901734104046237,0.002420261042441006,0.027027027027027032,0.014303228442991419,0.003846153846153847,0.1434766214177979,0.6346153846153846,YMR286W,non_ess,non_ess
0.12427745664739885,0.08540063964041836,0.08108108108108109,0.01961585615038824,0.1272189349112426,6.05138067061144,0.10355029585798817,YLR415C,non_ess,non_ess
0.008670520231213872,0.0006915031549831446,0.0,0.10829587249693504,0.001829268292682927,0.03543387425906132,0.4121951219512195,YPR033C,ess,ess
0.026011560693641616,0.006223528394848302,0.0,0.03228442991418063,0.01717557251908397,0.3698039144748743,0.3454198473282443,YGR131W,non_ess,non_ess
0.049132947976878616,0.013743625205290001,0.16216216216216214,0.12872905598692275,0.008762886597938144,0.31948359027712103,0.36237113402061855,YGL107C,non_ess,non_ess
0.05202312138728323,0.009853919958509807,0.0,0.10931753167143443,0.010876132930513595,0.3008719806417434,0.15528700906344411,YOL019W,non_ess,non_ess
0.03468208092485549,0.004149018929898867,0.2432432432432433,0.061912545974662864,0.01251303441084463,0.4742032007979327,0.3545359749739312,YDR175C,non_ess,non_ess
0.026011560693641616,0.00760653470481459,0.0,0.12913771965672252,0.004624871531346352,0.42644805988093626,0.5467625899280576,YLR273C,non_ess,non_ess
0.17630057803468208,0.04183594087648025,0.16216216216216214,0.2913771965672252,0.014094269870609981,0.4626150454405422,0.09242144177449167,YJR137C,non_ess,non_ess
0.017341040462427744,0.0050998357680006896,0.0,0.09664895790764202,0.0040844111640571815,0.17721238938053094,0.5772634445200817,YLL011W,ess,ess
0.023121387283237003,0.006655717866712767,0.0,0.020024519820187988,0.02325581395348837,0.8476343223736968,0.4476744186046512,YLR124W,non_ess,non_ess
0.0057803468208092465,0.0005186273662373584,0.0,0.08929301185124643,0.0014695077149155034,0.034241231890019534,0.7472446730345335,YKL108W,ess,ess
0.0028901734104046237,0.00017287578874578615,0.027027027027027032,0.08970167552104619,0.000731528895391368,0.028914869948013837,0.9824433065106072,YPL146C,ess,ess
0.031791907514450865,0.003284639986169937,0.0,0.04331834899877402,0.016034985422740525,0.4271680278144976,0.3892128279883382,YOR295W,non_ess,non_ess
0.03757225433526011,0.0075200968104416985,0.0,0.07192480588475685,0.011754068716094027,0.2984538400451601,0.21609403254972875,YGR173W,non_ess,non_ess
0.06647398843930635,0.010545423113492956,0.054054054054054064,0.11565181855333062,0.013157894736842105,0.6482319078947368,0.2128146453089245,YDR440W,non_ess,non_ess
0.049132947976878616,0.008470913648543521,0.10810810810810813,0.14078463424601553,0.00803023145961266,0.15304676428908834,0.3764761454888994,YMR186W,non_ess,non_ess
0.0057803468208092465,0.0008643789437289308,0.0,0.002656313853698407,0.02247191011235955,0.4408436822393061,1.0,YKL100W-A,non_ess,non_ess
0.04335260115606936,0.009162416803526663,0.13513513513513514,0.060890886800163475,0.015889830508474576,0.4561016949152542,0.2733050847457627,YLR283W,non_ess,non_ess
0.03468208092485549,0.01097761258535742,0.054054054054054064,0.02669935976025065,0.027149321266968326,0.5952887942507321,0.3506787330316742,YLR202C,non_ess,non_ess
0.03468208092485549,0.03509378511539458,0.0,0.02615447486718431,0.027649769585253458,1.1317409505048015,1.0,YHR056W-A,non_ess,non_ess
0.02890173410404624,0.0112369262684761,0.0,0.11606048222313035,0.005701254275940707,0.15224460492419445,0.23717217787913344,YNL076W,non_ess,non_ess
0.0057803468208092465,0.0002593136831186792,0.0,0.024315488353085408,0.004914004914004914,0.14558656349701124,0.7149877149877151,YOR263C,non_ess,non_ess
0.04046242774566474,0.010891174690984528,0.027027027027027032,0.10032693093583983,0.009192383453709785,0.23179559511360776,0.33749179251477346,YER090W,non_ess,non_ess
0.05780346820809248,0.016163886247731005,0.0,0.16612178177360035,0.008035355564483728,0.2006813171230726,0.1940538368822821,YJL089W,non_ess,non_ess
0.0057803468208092465,0.001210130521220503,0.027027027027027032,0.054760931753167146,0.00234192037470726,0.04203130777764082,0.6861826697892272,YLR079W,non_ess,non_ess
0.026011560693641616,0.0075200968104416985,0.054054054054054064,0.018594196975888846,0.02786377708978328,0.8219814241486068,1.0,YLR217W,non_ess,non_ess
0.05491329479768786,0.014089376782781571,0.054054054054054064,0.08091540662035146,0.015347334410339256,0.3708939149165321,0.2568659127625202,YOL083W,non_ess,non_ess
0.13005780346820808,0.02644999567810528,0.08108108108108109,0.12259910093992644,0.024324324324324333,0.5696778970751574,0.16864864864864865,YKL217W,non_ess,non_ess
0.0028901734104046237,8.643789437289306e-05,0.0,0.06661217817736004,0.0009727626459143967,0.027503221689791937,0.7509727626459144,YGL040C,ess,ess
0.026011560693641616,0.004149018929898867,0.0,0.10727421332243564,0.005538461538461538,0.2247230769230769,0.7753846153846153,YPR088C,ess,non_ess
0.0,0.0,0.0,0.046791990192071926,0.0,0.0,1.0,YPR016C,ess,ess
0.049132947976878616,0.005359149451119371,0.054054054054054064,0.08193706579485084,0.013567438148443736,0.2799967101856308,0.2338387869114126,YKR048C,non_ess,non_ess
0.03468208092485549,0.010804736796611637,0.13513513513513514,0.04331834899877402,0.01749271137026239,0.4345248303402994,0.2915451895043732,YGR232W,non_ess,non_ess
0.05780346820809248,0.02912957040366497,0.027027027027027032,0.05823457294646505,0.02209944751381216,0.4204419889502761,0.17458563535911606,YPL054W,non_ess,non_ess
0.04624277456647399,0.010113233641628493,0.0,0.10870453616673477,0.009720534629404616,0.2285488381286808,0.1324422843256379,YNL291C,non_ess,non_ess
0.09826589595375723,0.012792808367188177,0.40540540540540543,0.13812832039231712,0.016361886429258902,0.3527350016041065,0.1814244465832532,YOR354C,non_ess,non_ess
0.04335260115606936,0.013311435733425534,0.0,0.11197384552513284,0.00885478158205431,0.22121611511800526,0.231404958677686,YEL069C,non_ess,non_ess
0.023121387283237003,0.00449477050739044,0.08108108108108109,0.011646914589293013,0.03619909502262444,0.8222953517071165,0.3755656108597285,YNR032C-A,non_ess,non_ess
0.08092485549132948,0.04304607139770075,0.2432432432432433,0.03780138945647732,0.04628099173553719,1.2092950899368011,0.1256198347107438,YLR179C,non_ess,non_ess
0.02890173410404624,0.005359149451119371,0.08108108108108109,0.12157744176542705,0.005449591280653951,0.1796185286103542,0.4310626702997275,YKR084C,non_ess,non_ess
0.06358381502890173,0.013570749416544212,0.08108108108108109,0.0905190028606457,0.015953589557650468,0.33129709619446984,0.1363306744017404,YNL237W,non_ess,non_ess
0.049132947976878616,0.01633676203647679,0.10810810810810813,0.05394360441356764,0.02019002375296912,0.7998719566508313,0.28978622327790976,YHR067W,non_ess,non_ess
0.008670520231213872,0.0010372547324747168,0.0,0.10747854515733553,0.0018427518427518426,0.06212706212706213,0.4545454545454545,YNL189W,ess,ess
0.0057803468208092465,0.00017287578874578615,0.16216216216216214,0.013485901103391913,0.008064516129032258,0.2339904420549581,0.6895161290322581,YER087C-B,non_ess,non_ess
0.049132947976878616,0.01884346097329069,0.054054054054054064,0.16346546791990196,0.006938775510204082,0.283718820861678,0.19428571428571428,YMR160W,non_ess,non_ess
0.0722543352601156,0.014780879937764715,0.10810810810810813,0.05598692276256642,0.028669724770642207,1.2846863289830728,0.11353211009174312,YNR064C,non_ess,non_ess
0.06358381502890173,0.009940357852882704,0.08108108108108109,0.2923988557417245,0.005065622841353903,0.07812225333561112,0.2707805664287359,YMR190C,non_ess,non_ess
0.05780346820809248,0.011064050479730312,0.027027027027027032,0.13077237433592154,0.01015228426395939,0.19802843110697585,0.3609137055837564,YJR098C,non_ess,non_ess
0.03468208092485549,0.009335292592272452,0.054054054054054064,0.0768287699223539,0.010186757215619695,0.4285568760611205,0.2410865874363328,YKL077W,non_ess,non_ess
0.0,0.0,0.054054054054054064,0.02370249284838578,0.0,0.0,1.0,YOL079W,non_ess,non_ess
0.0,0.0,0.0,0.05087862689006948,0.0,0.0,1.0,YCR009C,non_ess,ess
0.01445086705202312,0.0036303915636615096,0.054054054054054064,0.023906824683285657,0.012468827930174564,0.4023914572543002,0.5860349127182045,YLR110C,non_ess,non_ess
0.01445086705202312,0.0012965684155933962,0.0,0.020228851655087855,0.01440922190201729,0.4502573955023522,1.0,YEL053W-A,non_ess,non_ess
0.05491329479768786,0.007952286282306162,0.054054054054054064,0.10870453616673477,0.011543134872417985,0.17840489080302555,0.1767922235722965,YER054C,non_ess,non_ess
0.023121387283237003,0.0047540841905091185,0.2702702702702703,0.02697180220678382,0.017937219730941704,0.3416532701582198,0.2556053811659193,YIR005W,non_ess,non_ess
0.05202312138728323,0.00959460627539113,0.1891891891891892,0.05986922762566409,0.0193756727664155,0.7126415027383811,0.20990312163616792,YOR292C,non_ess,non_ess
0.026011560693641616,0.005704901028610943,0.08108108108108109,0.10482223130363713,0.005663939584644432,0.283426598404572,0.3536815607300189,YIL146C,non_ess,non_ess
0.1184971098265896,0.019362088339528048,0.027027027027027032,0.13690232938291788,0.019902912621359226,0.6865745201215445,0.11844660194174755,YIL105C,non_ess,non_ess
0.04046242774566474,0.012619932578442388,0.054054054054054064,0.0551695954229669,0.01627906976744186,0.5757317562149158,0.16511627906976745,YDR313C,non_ess,non_ess
0.09826589595375723,0.032154896706716216,0.16216216216216214,0.08255006129955048,0.02694136291600634,0.6822954917346321,0.13312202852614896,YOL058W,non_ess,non_ess
0.04046242774566474,0.013138559944679749,0.2702702702702703,0.03698406211687781,0.023608768971332208,0.6021853126660353,0.2799325463743676,YHL019W-A,non_ess,non_ess
0.011560693641618495,0.0037168294580344026,0.0,0.1058438904781365,0.002493765586034913,0.07896924355777223,0.7350374064837906,YDR299W,ess,ess
0.14161849710982655,0.026882185149969744,0.0,0.06926849203105845,0.045923149015932516,1.378153701968135,0.10121836925960637,YMR244W,non_ess,non_ess
0.011560693641618495,0.0033710778805428297,0.0,0.01982018798528811,0.011730205278592377,0.4172797585361253,0.5513196480938416,YOL160W,non_ess,non_ess
0.06358381502890173,0.014002938888408678,0.21621621621621626,0.10441356763383736,0.013897662665824385,0.6021042542531639,0.28237523689197724,YKL074C,non_ess,non_ess
0.06647398843930635,0.020226467283256985,0.0,0.14139762975071518,0.010818438381937913,0.205227390797658,0.3033866415804327,YDL176W,non_ess,non_ess
0.026011560693641616,0.00561846313423805,0.0,0.09297098487944422,0.006360424028268552,0.15131304208159332,0.2855123674911661,YML032C,non_ess,non_ess
0.01445086705202312,0.0026795747255596854,0.13513513513513514,0.02513281569268493,0.011933174224343677,0.29478165516351673,0.4725536992840095,YPL114W,non_ess,non_ess
0.18208092485549127,0.07182989022387415,0.2702702702702703,0.08561503882304862,0.048201989288446816,0.8968206053940322,0.08569242540168323,YML051W,non_ess,non_ess
0.05491329479768786,0.011064050479730312,0.10810810810810813,0.08336738863914997,0.014913657770800628,0.3088130962444149,0.2802197802197802,YGR263C,non_ess,non_ess
0.1936416184971098,0.12550782262944074,0.16216216216216214,0.02063751532488762,0.18980169971671387,6.7535178563135645,0.9575070821529744,YIL100W,non_ess,non_ess
0.05202312138728323,0.011928429423459244,0.027027027027027032,0.038618716796076834,0.029173419773095625,1.1481361426256078,0.19611021069692056,YIL089W,non_ess,non_ess
0.0028901734104046237,0.0006915031549831446,0.08108108108108109,0.015120555782590932,0.0036764705882352936,0.14353302796528447,0.7757352941176471,YOR020W-A,non_ess,non_ess
0.008670520231213872,0.0005186273662373584,0.0,0.021250510829587253,0.008287292817679558,0.2490246927500281,0.9392265193370166,YGR294W,non_ess,non_ess
0.04046242774566474,0.012187743106577923,0.16216216216216214,0.04515733551287291,0.019635343618513323,0.40302945301542775,0.3590462833099579,YMR188C,non_ess,non_ess
0.011560693641618495,0.0020745094649494327,0.13513513513513514,0.020433183489987745,0.011428571428571429,0.2565145848915482,0.6314285714285715,YJR087W,non_ess,non_ess
0.2658959537572254,0.09827988590197942,0.2972972972972973,0.07866775643645281,0.07634854771784233,1.73577266440337,0.15352697095435686,YBL013W,non_ess,non_ess
0.031791907514450865,0.005877776817356729,0.10810810810810813,0.017981201471189208,0.03503184713375796,1.0475690021231423,0.29936305732484075,YDR048C,non_ess,non_ess
0.011560693641618495,0.0029388884086783643,0.027027027027027032,0.017776869636289334,0.012861736334405145,0.3453772420414197,0.9581993569131833,YDL026W,non_ess,non_ess
0.04624277456647399,0.008557351542916414,0.054054054054054064,0.09031467102574582,0.011627906976744186,0.3797624938149431,0.3706395348837209,YBL082C,non_ess,non_ess
0.0028901734104046237,0.0009508168381018238,0.13513513513513514,0.024451709576352003,0.002444987775061125,0.05899611678412196,0.9682151589242054,YGL226C-A,non_ess,non_ess
0.0028901734104046237,8.643789437289306e-05,0.0,0.08827135267674703,0.0007429420505200594,0.01946428286120564,1.0,YBR243C,ess,ess
0.22254335260115607,0.043132509292073636,0.054054054054054064,0.3193706579485084,0.01624815361890694,0.40076742817161065,0.1065625659421819,YBL017C,non_ess,non_ess
0.0057803468208092465,0.0010372547324747168,0.0,0.07723743359215368,0.0016891891891891893,0.0921875,0.9501689189189192,YCR035C,ess,ess
0.05491329479768786,0.014694442043391822,0.08108108108108109,0.04849475548290424,0.024934383202099737,0.6677503380259285,0.16272965879265092,YLR333C,non_ess,non_ess
0.0722543352601156,0.014175814677154463,0.13513513513513514,0.1636697997548018,0.010191602119853241,0.30339615541409265,0.2560130452507134,YDL095W,non_ess,non_ess
0.01445086705202312,0.004667646296136226,0.054054054054054064,0.017572537801389457,0.016233766233766232,0.3625792811839323,0.3084415584415585,YNL300W,non_ess,non_ess
0.09826589595375723,0.043564698763938106,0.0,0.22476501838986515,0.010149253731343285,0.2907653223245475,0.21044776119402986,YOL087C,non_ess,non_ess
0.049132947976878616,0.010026795747255596,0.027027027027027032,0.03228442991418063,0.03244274809160305,0.6566712014712921,0.2251908396946565,YGL010W,non_ess,non_ess
0.1791907514450867,0.11530815109343935,0.16216216216216214,0.02165917449938701,0.16847826086956522,3.4142289174204845,0.08152173913043477,YBL044W,non_ess,non_ess
0.04624277456647399,0.014262252571527356,0.08108108108108109,0.09562729873314264,0.011004126547455296,0.2947533896639811,0.2262723521320495,YKL211C,non_ess,non_ess
0.0,0.0,0.054054054054054064,0.041070698814875364,0.0,0.0,1.0,YGR027C,non_ess,non_ess
0.13005780346820808,0.037427608263462704,0.35135135135135137,0.16121781773600327,0.018618121638394703,0.5673051181581446,0.18287132809267687,YER144C,non_ess,non_ess
0.15895953757225434,0.040625810355259744,0.10810810810810813,0.1293420514916224,0.028219599794766542,0.6672937688843281,0.1375064135454079,YIL155C,non_ess,non_ess
0.008670520231213872,0.0006915031549831446,0.0,0.023498161013485903,0.007594936708860759,0.28442262981141825,0.6075949367088608,YNL170W,non_ess,non_ess
0.03757225433526011,0.008643789437289308,0.027027027027027032,0.046996322026971814,0.01756756756756757,0.5729857819905213,0.3932432432432432,YHR044C,non_ess,non_ess
0.011560693641618495,0.003803267352407295,0.1891891891891892,0.0190028606456886,0.0121580547112462,0.2577699820993068,1.0,YGR018C,non_ess,non_ess
0.07514450867052022,0.01434869046590025,0.08108108108108109,0.04720065386187168,0.03499327052489905,1.0285900730046087,0.3068640646029609,YLL038C,non_ess,non_ess
0.05491329479768786,0.009248854697899558,0.0,0.0659991826726604,0.018645731108930325,0.4185510269906737,0.18645731108930325,YKL093W,non_ess,non_ess
0.0,0.0,0.054054054054054064,0.003064977523498161,0.0,0.0,1.0,YBR141W-A,non_ess,non_ess
0.049132947976878616,0.013743625205290001,0.0,0.11728647323252965,0.009593679458239277,0.25874717832957106,1.0,YNL227C,non_ess,non_ess
0.0,0.0,0.0,0.028606456885982838,0.0,0.0,1.0,YER074W-A,non_ess,non_ess
0.0057803468208092465,0.0003457515774915723,0.054054054054054064,0.05455659991826727,0.002350176263219741,0.12781970208459276,0.5875440658049353,YNL055C,non_ess,non_ess
0.20809248554913293,0.0860057049010286,0.35135135135135137,0.08929301185124643,0.05290227773695812,1.0881704628949302,1.0,YJR078W,non_ess,non_ess
0.0028901734104046237,0.0004321894718644654,0.054054054054054064,0.0020433183489987745,0.0125,0.6641752577319587,1.0,YHR073C-B,non_ess,non_ess
0.008670520231213872,0.0029388884086783643,0.0,0.0913363302002452,0.002156721782890007,0.08413415689784183,0.9769949676491732,YGL111W,ess,ess
0.15895953757225434,0.03682254300285245,0.2432432432432433,0.12321209644462608,0.02958579881656805,0.6537052690898845,0.07638515330823023,YNL104C,non_ess,non_ess
0.06358381502890173,0.013657187310917106,0.054054054054054064,0.1937065794850838,0.007601935038009675,0.3570934939283246,0.13372494816862476,YOL090W,non_ess,non_ess
0.2745664739884393,0.4445500907597891,0.054054054054054064,0.14977523498161013,0.04224099599822143,1.2857843361327776,0.17874610938194754,YLL029W,non_ess,non_ess
0.06647398843930635,0.014435128360273143,0.0,0.2272170004086637,0.006792675723567632,0.18263118404878595,0.2720023626698169,YPL115C,non_ess,non_ess
0.03468208092485549,0.013830063099662893,0.0,0.1223947691050266,0.006497022198159177,0.4034314732184531,0.20790471034109367,YKR106W,non_ess,non_ess
0.09826589595375723,0.037341170369089814,0.054054054054054064,0.0960359624029424,0.023287671232876717,0.6489497716894977,0.10410958904109588,YNL277W,non_ess,non_ess
0.01445086705202312,0.003889705246780188,0.027027027027027032,0.1726604004903964,0.0019342359767891683,0.04009405132556283,0.5775628626692456,YOR217W,ess,ess
0.0,0.0,0.0,0.027380465876583573,0.0,0.0,1.0,YJL220W,non_ess,non_ess
0.023121387283237003,0.005791338922983836,0.10810810810810813,0.03964037597057622,0.012658227848101266,0.3268606269467824,0.3797468354430379,YER079W,non_ess,non_ess
0.13005780346820808,0.03077189039674993,0.027027027027027032,0.1409889660809154,0.02122641509433961,0.4323594064847041,0.13867924528301884,YOL060C,non_ess,non_ess
0.06647398843930635,0.019362088339528048,0.08108108108108109,0.13894564773191664,0.011004784688995215,0.2394593039976992,0.1382775119617225,YBL061C,non_ess,non_ess
0.06647398843930635,0.011669115740340566,0.10810810810810813,0.27073968124233755,0.005714285714285714,0.21681397738951694,0.3160248447204969,YOL138C,non_ess,non_ess
0.03757225433526011,0.01918921255078226,0.027027027027027032,0.026358806702084188,0.029748283752860413,0.4775079353362368,0.2883295194508009,YMR151W,non_ess,non_ess
0.011560693641618495,0.0006915031549831446,0.027027027027027032,0.035962402942378416,0.006920415224913495,0.16452602975387565,0.6401384083044983,YNL090W,non_ess,non_ess
0.01445086705202312,0.003803267352407295,0.0,0.042092357989374746,0.00748502994011976,0.2366578318772292,0.344311377245509,YDR226W,non_ess,non_ess
0.04624277456647399,0.02273316622007088,0.08108108108108109,0.0670208418471598,0.015473887814313346,0.6136922854248081,0.2011605415860735,YDR541C,non_ess,non_ess
0.06358381502890173,0.008643789437289308,0.0,0.17940335104209235,0.008196721311475409,0.21149849919187247,0.1844262295081968,YLR382C,non_ess,non_ess
0.08670520231213873,0.026795747255596854,0.027027027027027032,0.027380465876583573,0.06637168141592921,1.5199471881244648,0.1747787610619469,YHL042W,non_ess,non_ess
0.06069364161849713,0.0075200968104416985,0.16216216216216214,0.0976706170821414,0.014150943396226415,0.3906614373542506,1.0,YNL223W,non_ess,non_ess
0.02023121387283237,0.009767482064136915,0.13513513513513514,0.024928483857785046,0.016826923076923076,0.3184534507548526,0.3125,YOR333C,non_ess,non_ess
0.06647398843930635,0.01322499783905264,0.027027027027027032,0.08214139762975071,0.018312101910828025,0.3803717464810883,0.1552547770700637,YKR051W,non_ess,non_ess
0.06936416184971098,0.00950816838101824,0.054054054054054064,0.2834082550061299,0.00569935882213251,0.1297700162577864,0.2168131085252909,YGL131C,non_ess,non_ess
0.01445086705202312,0.006482842077966981,0.0,0.005721291377196569,0.037313432835820885,1.1971393034825868,0.3059701492537313,YJL047C-A,non_ess,non_ess
0.04046242774566474,0.009335292592272452,0.0,0.1710257458111974,0.0054666146036704425,0.10818315386843308,0.2256930886372511,YKL188C,non_ess,non_ess
0.049132947976878616,0.01045898521912006,0.0,0.07757798665032012,0.014297729184188394,1.2909770379421426,0.24390243902439024,YDR318W,non_ess,non_ess
0.017341040462427744,0.0028524505143054713,0.054054054054054064,0.13322435635472007,0.002991026919242273,0.3546728236343601,0.4102691924227318,YDR320C,non_ess,non_ess
0.12716763005780346,0.03811911141844585,0.054054054054054064,0.20657948508377608,0.01427181316899124,0.3702176297051419,0.10736295815763866,YLR389C,non_ess,non_ess
0.02890173410404624,0.002333823148068113,0.0,0.2470371883939518,0.0027196083763937995,0.10391094286449598,0.4422083220016317,YFL008W,ess,ess
0.0028901734104046237,0.00017287578874578615,0.054054054054054064,0.006742950551695957,0.006711409395973154,0.2505145413870246,1.0,YBR196C-A,non_ess,non_ess
0.008670520231213872,0.0016423199930849686,0.21621621621621626,0.014711892112791171,0.011278195488721804,0.29061893143454665,0.5413533834586466,YER019C-A,non_ess,non_ess
0.011560693641618495,0.0036303915636615096,0.08108108108108109,0.031467102574581116,0.0078125,0.15680679287305122,0.6484375,YHL043W,non_ess,non_ess
0.04335260115606936,0.008557351542916414,0.027027027027027032,0.05496526358806703,0.01750291715285881,0.6918514196810579,0.2567094515752625,YNL286W,non_ess,non_ess
0.02890173410404624,0.007260783127323019,0.054054054054054064,0.02227217000408664,0.026525198938992044,0.4447074884006256,0.206896551724138,YAL042C-A,non_ess,non_ess
0.04624277456647399,0.006915031549831446,0.08108108108108109,0.15774417654270534,0.006762468300929839,0.11252253191136223,0.17159763313609466,YGR200C,non_ess,non_ess
0.05202312138728323,0.007433658916068805,0.08108108108108109,0.08949734368614631,0.013196480938416423,0.4855655978077977,0.4904692082111437,YDL161W,non_ess,non_ess
0.09826589595375723,0.038724176679056095,0.10810810810810813,0.051355401171502515,0.04228855721393035,1.2913113006396588,0.12935323383084574,YBR219C,non_ess,non_ess
0.023121387283237003,0.003889705246780188,0.027027027027027032,0.08316305680425011,0.006294256490952006,0.3024739924818603,0.3139260424862313,YJL036W,non_ess,non_ess
0.06936416184971098,0.011669115740340566,0.16216216216216214,0.03821005312627708,0.03927986906710311,0.7872072120415337,0.1260229132569558,YDL002C,non_ess,non_ess
0.017341040462427744,0.0010372547324747168,0.0,0.10196158561503883,0.003878474466709761,0.08368554522400676,0.5513897866839044,YCR072C,ess,ess
0.04624277456647399,0.009248854697899558,0.027027027027027032,0.10380057212913772,0.010165184243964422,0.36522054819386457,0.1905972045743329,YBR138C,non_ess,non_ess
0.03468208092485549,0.005186273662373585,0.0,0.14344094809971394,0.005565862708719851,0.16021733368672142,0.349721706864564,YGL022W,non_ess,non_ess
0.10115606936416184,0.026795747255596854,0.0,0.16387413158970168,0.014250814332247556,0.4340148998613216,0.2178338762214984,YGL229C,non_ess,non_ess
0.1445086705202312,0.039242804045293456,0.08108108108108109,0.14241928892521455,0.023353573096683792,0.34423534517316584,0.1200373657169547,YAL054C,non_ess,non_ess
0.008670520231213872,0.004062581035525975,0.2432432432432433,0.014507560277891298,0.01140684410646388,0.5563904079499493,0.6387832699619772,YGR037C,non_ess,non_ess
0.03757225433526011,0.019102774656409367,0.21621621621621626,0.0063342868818962,0.09090909090909093,1.7897196261682242,0.1958041958041958,YBR126W-B,non_ess,non_ess
0.04335260115606936,0.01184199152908635,0.13513513513513514,0.06865549652635881,0.014177693761814743,0.856548270487182,0.15311909262759926,YOL104C,non_ess,non_ess
0.017341040462427744,0.0028524505143054713,0.16216216216216214,0.04597466285247242,0.008275862068965517,0.13896551724137932,0.21793103448275866,YGR136W,non_ess,non_ess
0.04046242774566474,0.019621402022646728,0.10810810810810813,0.010420923579893748,0.06896551724137931,1.5563839701770736,0.18719211822660087,YPR036W-A,non_ess,non_ess
0.031791907514450865,0.01045898521912006,0.0,0.11524315488353085,0.0063145809414466144,0.1225843487278249,0.2743972445464983,YAL040C,non_ess,non_ess
0.017341040462427744,0.003198202091797044,0.0,0.2568451164691459,0.0015702695629416384,0.03850431824129809,0.4901858152316148,YDL195W,ess,ess
0.07803468208092486,0.07692972599187484,0.13513513513513514,0.01941152431548836,0.08059701492537312,1.6560167910447765,0.5313432835820896,YPR039W,non_ess,non_ess
0.11271676300578035,0.044861267179531504,0.10810810810810813,0.06048222313036373,0.04157782515991471,1.3620645430206646,0.10021321961620468,YOR120W,non_ess,non_ess
0.008670520231213872,0.0009508168381018238,0.0,0.026563138536984058,0.006818181818181818,0.16118181818181818,0.7454545454545455,YGR243W,non_ess,non_ess
0.049132947976878616,0.015299507304002076,0.3783783783783784,0.04311401716387413,0.02489019033674964,0.40968247630033866,0.18594436310395315,YJL158C,non_ess,non_ess
0.0838150289017341,0.01149623995159478,0.08108108108108109,0.13056804250102166,0.01474326385358414,0.5927940894895648,0.13828164717844432,YPR179C,non_ess,non_ess
0.04335260115606936,0.010113233641628493,0.027027027027027032,0.16530445443400082,0.0060557125555107,0.18726126517810007,0.20387565603552685,YMR089C,non_ess,non_ess
0.12716763005780346,0.19024980551473766,0.4594594594594595,0.01941152431548836,0.13134328358208955,5.200786763855144,0.8985074626865671,YDR094W,non_ess,non_ess
0.0028901734104046237,8.643789437289306e-05,0.027027027027027032,0.018594196975888846,0.0030959752321981426,0.10392238121937544,1.0,YDL009C,non_ess,non_ess
0.04335260115606936,0.00786584838793327,0.2432432432432433,0.063342868818962,0.015306122448979591,0.35266013920018874,0.14285714285714285,YIL041W,non_ess,non_ess
0.017341040462427744,0.0013830063099662892,0.08108108108108109,0.05680425010216592,0.006787330316742082,0.19343891402714933,0.4366515837104072,YDR184C,non_ess,non_ess
0.01445086705202312,0.0017287578874578616,0.0,0.010216591744993873,0.025,0.580531914893617,1.0,YOR231C-A,non_ess,non_ess
0.0057803468208092465,0.0002593136831186792,0.0,0.061912545974662864,0.0020855057351407717,0.03419104868224662,0.8581856100104275,YIR011C,ess,ess
0.02023121387283237,0.00760653470481459,0.2972972972972973,0.08929301185124643,0.005143277002204262,0.20371333295653649,0.7134459955914768,YHR066W,non_ess,non_ess
0.06647398843930635,0.012706370472815282,0.0,0.17429505516959545,0.008815638175546186,0.14078900671464872,0.36834036029129935,YIL066C,non_ess,non_ess
0.0953757225433526,0.015299507304002076,0.10810810810810813,0.1438496117695137,0.015263644773358002,0.8314704581104452,0.18085106382978725,YPR159W,non_ess,non_ess
0.0953757225433526,0.04477482928515861,0.13513513513513514,0.023906824683285657,0.08229426433915213,3.216253483937217,0.11221945137157108,YDR157W,non_ess,non_ess
0.07514450867052022,0.021868787276341943,0.054054054054054064,0.16632611360850022,0.01043338683788122,0.2820714228794554,0.1833868378812199,YJL062W,non_ess,non_ess
0.0057803468208092465,0.0009508168381018238,0.0,0.04597466285247242,0.0027586206896551718,0.0537510227936879,0.5296551724137931,YBL041W,ess,ess
0.049132947976878616,0.008384475754170628,0.1891891891891892,0.0986922762566408,0.01134089392928619,0.4366244162775183,0.42628418945963975,YFL018C,non_ess,non_ess
0.02890173410404624,0.0045812084017633325,0.027027027027027032,0.06906416019615856,0.009398496240601505,0.19580710734490947,0.5610902255639098,YNL160W,non_ess,non_ess
0.02890173410404624,0.0027660126199325783,0.027027027027027032,0.03677973028197794,0.01694915254237288,0.5177896063874492,0.27288135593220336,YMR118C,non_ess,non_ess
0.026011560693641616,0.01659607571959547,0.0,0.0190028606456886,0.02735562310030395,0.4983852583586626,0.3738601823708207,YOR225W,non_ess,non_ess
0.04335260115606936,0.015472383092747859,0.21621621621621626,0.05203650728783545,0.018427518427518427,0.2709694173108807,0.2297297297297297,YHL001W,non_ess,non_ess
0.0,0.0,0.0,0.029628116060482226,0.0,0.0,1.0,YHR214W-A,non_ess,non_ess
0.03757225433526011,0.005791338922983836,0.2432432432432433,0.03555373927257867,0.022727272727272728,0.4588174982911825,0.2290209790209789,YGR016W,non_ess,non_ess
0.02023121387283237,0.0035439536692886157,0.0,0.1140171638741316,0.004060324825986079,0.08452858046825562,0.3283062645011601,YBL020W,ess,ess
0.02023121387283237,0.006655717866712767,0.21621621621621626,0.05557825909276666,0.008083140877598153,0.2186327944572748,0.4618937644341801,YGL221C,non_ess,non_ess
0.0953757225433526,0.030685452502377038,0.13513513513513514,0.17674703718839396,0.012476370510396977,0.2790803772269804,0.17882797731568995,YJL198W,non_ess,non_ess
0.031791907514450865,0.006915031549831446,0.13513513513513514,0.04270535349407438,0.01624815361890694,0.560869809098218,0.3116691285081241,YER170W,non_ess,non_ess
0.04335260115606936,0.0060506526061025155,0.027027027027027032,0.10972619534123418,0.009030704394942806,0.2299868734023549,0.20891029500301025,YLR433C,non_ess,non_ess
0.008670520231213872,0.0009508168381018238,0.08108108108108109,0.08908868001634655,0.0022091310751104565,0.07102836652366011,0.4955817378497791,YGL194C,non_ess,non_ess
0.07514450867052022,0.015126631515256287,0.1891891891891892,0.17572537801389454,0.009885931558935359,0.18001441387708442,0.1977186311787072,YER032W,non_ess,non_ess
0.017341040462427744,0.0067421557610856594,0.027027027027027032,0.02697180220678382,0.01345291479820628,0.4907923789579113,0.35201793721973096,YHR051W,non_ess,non_ess
0.026011560693641616,0.0020745094649494327,0.08108108108108109,0.04229668982427463,0.013412816691505215,0.2553453572188936,0.2354694485842027,YMR147W,non_ess,non_ess
0.04624277456647399,0.010631861007865848,0.08108108108108109,0.035349407437678795,0.0281195079086116,1.2348282670485364,0.2460456942003515,YLR254C,non_ess,non_ess
0.06069364161849713,0.011409802057221884,0.054054054054054064,0.0968532897425419,0.014266304347826088,0.2810736308528428,0.2751358695652174,YMR070W,non_ess,non_ess
0.02890173410404624,0.012792808367188177,0.0,0.06722517368205967,0.009643201542912249,0.4268723882995821,0.22082931533269048,YDR372C,non_ess,non_ess
0.04046242774566474,0.007174345232950125,0.1891891891891892,0.08295872496935024,0.011041009463722398,0.3942605126948639,0.194794952681388,YNL253W,non_ess,non_ess
0.02890173410404624,0.00959460627539113,0.10810810810810813,0.023498161013485903,0.02531645569620253,0.7184247538677918,1.0,YJL064W,non_ess,non_ess
0.06358381502890173,0.022300976748206414,0.10810810810810813,0.0696771557008582,0.020503261882572232,0.704664737332614,0.16589002795899346,YNL191W,non_ess,non_ess
0.2543352601156069,0.1247298815800847,0.2432432432432433,0.05169595422966899,0.10877626699629173,2.161285537700865,0.08405438813349815,YAL039C,non_ess,non_ess
0.0057803468208092465,0.0007779410493560378,0.027027027027027032,0.0190028606456886,0.0060790273556231,0.2520033158331031,0.5288753799392097,YLR364W,non_ess,non_ess
0.07514450867052022,0.01236061889532371,0.027027027027027032,0.0913363302002452,0.018691588785046728,0.4651242306815591,0.22645578720345075,YCL048W,non_ess,non_ess
0.05780346820809248,0.01236061889532371,0.027027027027027032,0.12382509194932573,0.010706638115631693,0.3835625510496921,0.18683083511777301,YMR278W,non_ess,non_ess
0.011560693641618495,0.0017287578874578616,0.10810810810810813,0.040049039640375976,0.006269592476489028,0.2007850162008377,0.4467084639498433,YHR110W,non_ess,non_ess
0.023121387283237003,0.0042354568242717605,0.0,0.10441356763383736,0.0050536955148452285,0.19552280798611296,0.43019583070120027,YIL142W,ess,ess
0.15895953757225434,0.031982020917970436,0.10810810810810813,0.3146710257458112,0.01177730192719486,0.31004432050196706,0.1670235546038544,YLR247C,non_ess,non_ess
0.02890173410404624,0.0050998357680006896,0.0,0.08990600735594606,0.007299270072992701,0.4041791899241448,0.34306569343065696,YDR363W,non_ess,non_ess
0.049132947976878616,0.009162416803526663,0.08108108108108109,0.0913363302002452,0.012221423436376708,0.4636082824436527,0.2070452911574407,YDR148C,non_ess,non_ess
0.02023121387283237,0.004926959979254904,0.0,0.0570085819370658,0.007891770011273957,0.1683771741888783,0.47576099210823,YOR028C,non_ess,non_ess
0.023121387283237003,0.0042354568242717605,0.027027027027027032,0.03391908459337965,0.0145985401459854,0.4774939172749392,1.0,YHR157W,non_ess,non_ess
0.0953757225433526,0.03967499351715792,0.1891891891891892,0.09930527176134042,0.02188328912466844,0.4891884632172716,0.2294429708222812,YLR094C,non_ess,non_ess
0.049132947976878616,0.007001469444204339,0.054054054054054064,0.1863506334286882,0.006101938262742283,0.1704744826682315,0.2293610911701364,YGR056W,non_ess,non_ess
0.06069364161849713,0.01702826519145994,0.08108108108108109,0.0968532897425419,0.014266304347826088,0.4925629290617848,0.20380434782608686,YHR113W,non_ess,non_ess
0.10693641618497107,0.03232777249546201,0.08108108108108109,0.07744176542705354,0.031171019376579606,0.7516833598552217,1.0,YOL053W,non_ess,non_ess
0.01445086705202312,0.0045812084017633325,0.0,0.03568996049584525,0.008710801393728224,0.22230541077547727,0.8153310104529616,YML094W,non_ess,non_ess
0.04046242774566474,0.0076929725991874845,0.13513513513513514,0.12832039231712306,0.007238883143743538,0.17397890166621216,0.3200620475698035,YER049W,non_ess,non_ess
0.03757225433526011,0.01149623995159478,0.054054054054054064,0.01961585615038824,0.038461538461538464,1.0004690431519698,0.5207100591715976,YLR390W,non_ess,non_ess
0.05491329479768786,0.01045898521912006,0.0,0.17225173682059666,0.007367196587824737,0.2197346460542509,0.20201628538193087,YML061C,non_ess,non_ess
0.07514450867052022,0.020572218860748552,0.1891891891891892,0.010216591744993873,0.13,3.984552845528456,0.14,YBR230W-A,non_ess,non_ess
0.0028901734104046237,0.00017287578874578615,0.027027027027027032,0.022680833673886392,0.0026109660574412533,0.06229019022752705,1.0,YJR037W,non_ess,non_ess
0.017341040462427744,0.003111764197424151,0.08108108108108109,0.020024519820187988,0.017441860465116282,0.3789867109634552,0.6162790697674418,YBL065W,non_ess,non_ess
0.0722543352601156,0.02195522517071484,0.08108108108108109,0.053739272578667764,0.029797377830750895,0.5297311614355714,0.16686531585220502,YJR116W,non_ess,non_ess
0.05202312138728323,0.012533494684069495,0.0,0.01982018798528811,0.05278592375366569,1.4392516425999482,0.3431085043988269,YLL030C,non_ess,non_ess
0.026011560693641616,0.0047540841905091185,0.027027027027027032,0.05496526358806703,0.010501750291715286,0.14927866765673067,0.2590431738623104,YIL050W,non_ess,non_ess
0.0057803468208092465,0.0007779410493560378,0.0,0.0361667347772783,0.0034423407917383822,0.09204063641324882,0.9156626506024096,YKR068C,ess,ess
0.09248554913294796,0.028438067248681826,0.054054054054054064,0.0596648957907642,0.034557235421166316,0.5141077552064628,0.2192224622030237,YDL127W,non_ess,non_ess
0.02023121387283237,0.017633330452070186,0.027027027027027032,0.01941152431548836,0.020895522388059702,0.3861683946678819,0.3164179104477612,YDR079W,non_ess,non_ess
0.04335260115606936,0.0075200968104416985,0.1891891891891892,0.1240294237842256,0.008017103153393906,0.3000797837318647,0.2335649385355425,YFL049W,non_ess,non_ess
0.02890173410404624,0.03310571354481805,0.0,0.011033919084593379,0.04716981132075472,1.2204941975211179,0.5518867924528302,YOL085W-A,non_ess,non_ess
0.023121387283237003,0.01037254732474717,0.0,0.04944830404577034,0.010309278350515464,0.2603561387066541,0.2860824742268041,YOR039W,non_ess,non_ess
0.049132947976878616,0.0075200968104416985,0.054054054054054064,0.22149570903146712,0.00514839491217444,0.2313688673531193,0.2895215021199273,YKL205W,non_ess,non_ess
0.03757225433526011,0.007174345232950125,0.13513513513513514,0.1040049039640376,0.008243500317057704,0.2474881984076657,0.2733037412809131,YML096W,non_ess,non_ess
0.0028901734104046237,8.643789437289306e-05,0.054054054054054064,0.009807928075194115,0.005154639175257732,0.13502738402061853,1.0,YMR307C-A,non_ess,non_ess
0.04624277456647399,0.010891174690984528,0.08108108108108109,0.09726195341234163,0.010825439783491205,0.4061814170864557,0.3457374830852503,YPL097W,non_ess,non_ess
0.0,0.0,0.0,0.0016346546791990194,0.0,0.0,1.0,YBR191W-A,non_ess,non_ess
0.06936416184971098,0.014694442043391822,0.0,0.10461789946873724,0.015132408575031526,0.2768401596158165,0.13114754098360654,YER060W,non_ess,non_ess
0.0028901734104046237,0.00017287578874578615,0.0,0.022680833673886392,0.0026109660574412533,0.056859380828049234,0.8485639686684073,YGL127C,non_ess,non_ess
0.023121387283237003,0.0087302273316622,0.0,0.02881078872088272,0.016913319238900642,0.3749435826781006,0.6807610993657506,YGR275W,non_ess,non_ess
0.04624277456647399,0.012447056789696605,0.08108108108108109,0.1448712709440131,0.007349563619660083,0.2435002296738631,0.3353238401469913,YGL114W,non_ess,non_ess
0.049132947976878616,0.01823839571268044,0.08108108108108109,0.005925623212096446,0.12408759124087593,2.135942889227561,0.2846715328467153,YIR018C-A,non_ess,non_ess
0.05780346820809248,0.014953755726510504,0.054054054054054064,0.07539844707805476,0.01728608470181504,0.4168440425358085,0.13396715643906654,YML027W,non_ess,non_ess
0.02023121387283237,0.006137090500475408,0.054054054054054064,0.02472415202288517,0.01694915254237288,0.4774378164208673,0.8450363196125908,YPL197C,non_ess,non_ess
0.03468208092485549,0.008298037859797734,0.0,0.018594196975888846,0.03715170278637772,0.9940240478076174,0.2662538699690403,YJL120W,non_ess,non_ess
0.02023121387283237,0.003457515774915723,0.08108108108108109,0.08561503882304862,0.005355776587605203,0.30698656545373754,0.4254016832440704,YAR018C,non_ess,non_ess
0.031791907514450865,0.027746564093698675,0.13513513513513514,0.004903964037597058,0.09016393442622953,1.7473258923381003,0.30327868852459017,YNL097C-B,non_ess,non_ess
0.049132947976878616,0.0047540841905091185,0.32432432432432434,0.04474867184307317,0.024045261669024046,0.5584877351192105,0.12871287128712872,YDR275W,non_ess,non_ess
0.10693641618497107,0.033797216699801194,0.10810810810810813,0.0923579893747446,0.02631578947368421,0.6518297697368421,0.14722617354196302,YDL024C,non_ess,non_ess
0.0028901734104046237,0.0012965684155933962,0.027027027027027032,0.13322435635472007,0.0004985044865403788,0.01597243154258156,0.944666001994018,YGL113W,ess,ess
0.011560693641618495,0.003198202091797044,0.5135135135135136,0.011238250919493258,0.018604651162790697,0.94875225655729,0.5720930232558139,YER158W-A,non_ess,non_ess
0.0,0.0,0.0,0.007764609726195342,0.0,0.0,1.0,YLR154W-B,non_ess,non_ess
0.05780346820809248,0.011669115740340566,0.08108108108108109,0.13874131589701674,0.009583133684714902,0.3736889740722994,0.3248682319118352,YDR338C,non_ess,non_ess
0.08959537572254335,0.013570749416544212,0.13513513513513514,0.2355946056395587,0.00883442576232545,0.3938718856370783,0.2616129951553149,YLR032W,non_ess,non_ess
0.011560693641618495,0.0029388884086783643,0.0,0.014711892112791171,0.015037593984962403,0.5934946060804184,0.631578947368421,YCR097W-A,non_ess,non_ess
0.008670520231213872,0.0006915031549831446,0.0,0.02697180220678382,0.006726457399103139,0.2609865470852018,0.4439461883408072,YFL012W,non_ess,non_ess
0.03468208092485549,0.007433658916068805,0.1891891891891892,0.056395586432366175,0.013667425968109341,0.2449106821724014,0.18223234624145787,YOR223W,non_ess,non_ess
0.0057803468208092465,0.0019880715705765406,0.027027027027027032,0.04086636697997549,0.003076923076923077,0.08224333435488812,1.0,YGL218W,non_ess,non_ess
0.08670520231213873,0.035439536692886166,0.10810810810810813,0.09746628524724152,0.02025658338960162,0.5214337245156007,0.16205266711681296,YEL016C,non_ess,non_ess
0.05202312138728323,0.009853919958509807,0.1891891891891892,0.10277891295463834,0.011545862732520848,0.3524374599101988,0.2033354714560616,YDR463W,non_ess,non_ess
0.031791907514450865,0.006137090500475408,0.027027027027027032,0.1557008581937066,0.004708904109589041,0.1488243401269629,0.4169520547945205,YLR304C,non_ess,non_ess
0.026011560693641616,0.00449477050739044,0.0,0.031671434409481,0.017475728155339806,1.105508770047739,1.0,YCL022C,non_ess,non_ess
0.026011560693641616,0.005359149451119371,0.027027027027027032,0.07355946056395588,0.007964601769911504,0.17252355124179275,0.2831858407079646,YGL148W,non_ess,non_ess
0.02890173410404624,0.006482842077966981,0.054054054054054064,0.02574581119738456,0.02336448598130841,0.5456550763336623,1.0,YNL105W,non_ess,non_ess
0.09826589595375723,0.015645258881493648,0.08108108108108109,0.3355128729055987,0.0068327974276527325,0.1879276164688248,0.159967845659164,YMR219W,non_ess,non_ess
0.03757225433526011,0.012014867317832138,0.08108108108108109,0.0596648957907642,0.014038876889848813,0.6129621394994282,0.3920086393088553,YNR028W,non_ess,non_ess
0.08959537572254335,0.023943296741291385,0.08108108108108109,0.1773600326930936,0.011680482290881688,0.5108820468654681,0.2422758100979653,YLR318W,non_ess,non_ess
0.0057803468208092465,0.00017287578874578615,0.0,0.03814194251464378,0.003278688524590164,0.10251236783393153,0.7475409836065574,YLL050C,ess,ess
0.13005780346820808,0.037341170369089814,0.2432432432432433,0.06661217817736004,0.04377431906614786,0.6775186621519257,0.14591439688715954,YEL004W,non_ess,non_ess
0.10982658959537572,0.03898349036217478,0.10810810810810813,0.01818553330608909,0.11987381703470032,1.836827559252952,0.15141955835962145,YIL054W,non_ess,non_ess
0.011560693641618495,0.0015558820987120756,0.0,0.06681651001225991,0.003879728419010669,0.2559338201697782,0.41125121241513096,YGR113W,ess,ess
0.0722543352601156,0.009421730486645344,0.027027027027027032,0.1847159787494892,0.009051412020275163,0.24809097491936016,0.17523533671252714,YML111W,non_ess,non_ess
0.0057803468208092465,0.0005186273662373584,0.0,0.057212913771965676,0.0022471910112359553,0.06308407593955832,0.5988764044943821,YGL044C,ess,ess
0.01445086705202312,0.003803267352407295,0.0,0.11749080506742952,0.0028169014084507052,0.07812206572769954,0.4653521126760564,YNL308C,ess,ess
0.02023121387283237,0.011323364162848992,0.08108108108108109,0.0741724560686555,0.006145741878841089,0.39568744512730464,0.5434591747146621,YFL062W,non_ess,non_ess
0.017341040462427744,0.003803267352407295,0.027027027027027032,0.04168369431957498,0.00906344410876133,0.4358383685800604,0.26435045317220546,YLR221C,non_ess,non_ess
0.031791907514450865,0.006482842077966981,0.054054054054054064,0.023906824683285657,0.027431421446384042,0.5966009147746746,0.22443890274314213,YDR511W,non_ess,non_ess
0.008670520231213872,0.0014694442043391822,0.027027027027027032,0.05986922762566409,0.003229278794402584,0.15006919883130865,0.8772874058127018,YHR187W,non_ess,non_ess
0.011560693641618495,0.0008643789437289308,0.027027027027027032,0.06722517368205967,0.0038572806171648993,0.12030481924877108,0.6634522661523626,YLR447C,non_ess,non_ess
0.08959537572254335,0.018929898867663584,0.027027027027027032,0.10441356763383736,0.01958307012002527,0.7189953865885641,0.12002526847757422,YBR214W,non_ess,non_ess
0.008670520231213872,0.0013830063099662892,0.0,0.06668028878899332,0.002915451895043732,0.11578508954602247,0.8620019436345967,YIL106W,ess,ess
0.04335260115606936,0.010199671536001384,0.08108108108108109,0.056599918267266035,0.0170261066969353,0.43324764639113306,0.20204313280363226,YJL185C,non_ess,non_ess
0.011560693641618495,0.0020745094649494327,0.054054054054054064,0.0588475684511647,0.00437636761487965,0.08874462011100323,0.4824945295404814,YKR052C,non_ess,non_ess
0.03757225433526011,0.008038724176679056,0.1891891891891892,0.1058438904781365,0.008104738154613466,0.19480783927278567,0.229426433915212,YKL191W,non_ess,non_ess
0.031791907514450865,0.006137090500475408,0.0,0.0715161422149571,0.01,0.25120000000000003,0.2490909090909091,YKL043W,non_ess,non_ess
0.0028901734104046237,0.0008643789437289308,0.0,0.026358806702084188,0.0022883295194508014,0.08085023066851038,0.988558352402746,YBL025W,non_ess,non_ess
0.04335260115606936,0.005791338922983836,0.0,0.12423375561912547,0.0080042689434365,0.2275287560773153,0.21664887940234792,YMR119W,non_ess,non_ess
0.011560693641618495,0.001210130521220503,0.0,0.21577441765427047,0.001243008079552517,0.0369458955537265,0.4748290863890615,YBL076C,ess,ess
0.008670520231213872,0.0033710778805428297,0.0,0.0913363302002452,0.002156721782890007,0.05978377833845421,0.6391085549964055,YDR190C,ess,ess
0.20809248554913293,0.04218169245397182,0.0,0.2738046587658357,0.01769041769041769,0.5230355569978211,0.055773955773955775,YAL017W,non_ess,non_ess
0.04046242774566474,0.012447056789696605,0.13513513513513514,0.03759705762157745,0.02325581395348837,0.7224980402403971,0.21096345514950168,YPR172W,non_ess,non_ess
0.017341040462427744,0.002160947359322327,0.0,0.08745402533714754,0.004497751124437782,0.2190840063839048,0.4152923538230884,YHR190W,ess,ess
0.008670520231213872,0.0013830063099662892,0.0,0.11912545974662855,0.0016675931072818232,0.0342771729551648,0.6425792106725959,YPL169C,ess,ess
0.1791907514450867,0.08591926700665571,0.10810810810810813,0.10441356763383736,0.03916614024005054,0.6665439719592853,0.13897662665824384,YDR072C,non_ess,non_ess
0.017341040462427744,0.002333823148068113,0.027027027027027032,0.08520637515324889,0.0046118370484242895,0.12969044790720424,0.3274404304381245,YGR285C,non_ess,non_ess
0.12427745664739885,0.06595211340651741,0.0,0.01941152431548836,0.12835820895522387,6.3874094872173774,0.14328358208955225,YBL109W,non_ess,non_ess
0.09248554913294796,0.024029734635664275,0.13513513513513514,0.11115651818553332,0.019024970273483943,0.5825264707547704,0.1890606420927468,YBR220C,non_ess,non_ess
0.05780346820809248,0.009248854697899558,0.10810810810810813,0.06232120964446261,0.02072538860103627,0.8028929188255612,0.1803108808290156,YLR257W,non_ess,non_ess
0.008670520231213872,0.002333823148068113,0.027027027027027032,0.017776869636289334,0.00964630225080386,0.3240898595135847,0.6977491961414791,YKL118W,non_ess,non_ess
0.031791907514450865,0.003198202091797044,0.1891891891891892,0.03739272578667757,0.018363939899833055,0.6470182133129151,0.2904841402337229,YNL079C,non_ess,non_ess
0.02890173410404624,0.009853919958509807,0.21621621621621626,0.08970167552104619,0.007315288953913678,0.2415082984430368,0.3423555230431602,YNL206C,non_ess,non_ess
0.11560693641618495,0.025066989368138996,0.027027027027027032,0.2331426236207601,0.01151742009789807,0.3098385730382521,0.1206449755254823,YJL020C,non_ess,non_ess
0.0057803468208092465,0.0006050652606102515,0.0,0.005925623212096446,0.0145985401459854,1.2721859393008068,0.9781021897810219,YDR320W-B,non_ess,non_ess
0.026011560693641616,0.0050998357680006896,0.08108108108108109,0.07703310175725378,0.007620660457239628,0.30537636285866426,0.3056731583403895,YHR208W,non_ess,non_ess
0.10693641618497107,0.0224738525369522,0.054054054054054064,0.1456885982836126,0.016902695294655094,0.5717445034027949,0.13704888076747376,YGL203C,non_ess,non_ess
0.011560693641618495,0.0027660126199325783,0.0,0.11360850020433184,0.002328288707799767,0.07153095076275008,0.39988358556461,YLR259C,ess,ess
0.06936416184971098,0.011755553634713456,0.054054054054054064,0.1601961585615039,0.009991673605328892,0.2445821737397824,0.3030807660283097,YOR233W,non_ess,non_ess
0.026011560693641616,0.0087302273316622,0.054054054054054064,0.14609726195341236,0.004100227790432802,0.11855109484245595,0.35444191343963555,YBR238C,non_ess,non_ess
0.0722543352601156,0.011755553634713456,0.13513513513513514,0.19288925214548427,0.008674531575294934,0.15932589007282216,0.2772380291464261,YMR086W,non_ess,non_ess
0.03468208092485549,0.006655717866712767,0.16216216216216214,0.03882304863097672,0.01935483870967742,0.4244801047977729,0.2306451612903226,YKL065C,non_ess,non_ess
0.0028901734104046237,0.002420261042441006,0.0,0.06375153248876175,0.0010141987829614604,0.023664638269100743,1.0,YGL091C,ess,ess
0.02890173410404624,0.003025326303051257,0.0,0.11483449121373113,0.00576036866359447,0.14812111962303853,0.619815668202765,YEL013W,non_ess,non_ess
0.04624277456647399,0.011928429423459244,0.027027027027027032,0.09215365753984472,0.011404133998574484,0.2644360879669455,0.428367783321454,YBR092C,non_ess,non_ess
0.03757225433526011,0.005704901028610943,0.027027027027027032,0.07866775643645281,0.010788381742738587,0.5135626350262337,0.17178423236514526,YPR023C,non_ess,non_ess
0.10404624277456646,0.020572218860748552,0.054054054054054064,0.11176951369023294,0.02128917800118273,0.5268054556343625,0.16499112950916614,YLR044C,non_ess,non_ess
0.03757225433526011,0.011323364162848992,0.13513513513513514,0.02840212505108296,0.0278372591006424,1.0313704496788008,0.3233404710920771,YKR074W,non_ess,non_ess
0.1184971098265896,0.029907511453021007,0.2432432432432433,0.10277891295463834,0.0262989095574086,0.4625161501364195,1.0,YJR003C,non_ess,non_ess
0.017341040462427744,0.002160947359322327,0.054054054054054064,0.07921264132951915,0.00494641384995878,0.11776674676816755,0.4806265457543281,YGR214W,non_ess,non_ess
0.008670520231213872,0.0004321894718644654,0.0,0.11687780956272988,0.0016987542468856172,0.08823068211516683,0.6625141562853907,YPL007C,ess,ess
0.026011560693641616,0.004321894718644654,0.1891891891891892,0.09480997139354312,0.00624133148404993,0.19450258479384694,0.3210818307905687,YBR272C,non_ess,non_ess
0.0722543352601156,0.02221453885383352,0.32432432432432434,0.11912545974662855,0.013896609227348526,0.28713643221703256,0.12784880489160644,YJL201W,non_ess,non_ess
0.0057803468208092465,0.0002593136831186792,0.054054054054054064,0.015529219452390684,0.007194244604316547,0.2395931530637559,0.7985611510791367,YGR169C-A,non_ess,non_ess
0.3699421965317919,0.37868441524764457,0.16216216216216214,0.06477319166326115,0.12787212787212787,3.4009626736899463,0.08891108891108891,YPL111W,non_ess,non_ess
0.02023121387283237,0.0027660126199325783,0.0,0.14078463424601553,0.0033065658951346244,0.0891655708613668,0.480869154463864,YBL035C,ess,ess
0.02023121387283237,0.004667646296136226,0.0,0.08173273395995098,0.0056,0.20257614678899089,0.3624,YIL033C,non_ess,non_ess
0.11271676300578035,0.02256029043132509,0.0,0.15937883122190438,0.016317991631799162,0.5108151051321435,0.11673640167364015,YER169W,non_ess,non_ess
0.1676300578034682,0.038724176679056095,0.13513513513513514,0.1810380057212914,0.02141802067946824,0.4025809050624413,0.1709748892171344,YIL047C,non_ess,non_ess
0.0028901734104046237,8.643789437289306e-05,0.10810810810810813,0.0696771557008582,0.0009319664492078283,0.024717081613633337,0.9040074557315936,YCR044C,non_ess,non_ess
0.07803468208092486,0.035007347221021695,0.2972972972972973,0.09971393543114017,0.0178335535006605,0.5373844121532364,0.2272126816380449,YMR221C,non_ess,non_ess
0.35549132947976875,0.1485867404270032,0.4864864864864865,0.11973845525132815,0.06803097345132743,1.1364900290944355,0.07798672566371681,YJR001W,non_ess,non_ess
0.0028901734104046237,0.0003457515774915723,0.0,0.03780138945647732,0.001652892561983471,0.03100052751890276,0.8760330578512396,YJR112W,ess,ess
0.017341040462427744,0.011064050479730312,0.10810810810810813,0.01838986514098897,0.01875,0.4275528169014085,0.4625,YBL070C,non_ess,non_ess
0.017341040462427744,0.0045812084017633325,0.0,0.05190028606456886,0.007389162561576354,0.1989581946478498,0.5233990147783252,YNL210W,non_ess,non_ess
0.0057803468208092465,0.001210130521220503,0.08108108108108109,0.05121917994823594,0.002493765586034913,0.08115953502487168,0.5548628428927681,YPR132W,non_ess,non_ess
0.02023121387283237,0.0075200968104416985,0.2702702702702703,0.034123416428279534,0.012704174228675136,0.3700257904288853,0.5009074410163339,YGR102C,non_ess,non_ess
0.0028901734104046237,8.643789437289306e-05,0.054054054054054064,0.02063751532488762,0.0028328611898017,0.0821529745042493,0.7705382436260623,YBL078C,non_ess,non_ess
0.017341040462427744,0.004840522084882012,0.054054054054054064,0.016959542296689827,0.020066889632107024,0.6261969120813672,0.3377926421404682,YKL018C-A,non_ess,non_ess
0.017341040462427744,0.0017287578874578616,0.027027027027027032,0.08295872496935024,0.00473186119873817,0.14214729855400154,0.3635646687697161,YBR195C,non_ess,non_ess
0.0,0.0,0.027027027027027032,0.006742950551695957,0.0,0.0,1.0,YJR140W-A,non_ess,non_ess
0.011560693641618495,0.0014694442043391822,0.0,0.12975071516142214,0.0020460358056265983,0.04988430154670563,0.39130434782608703,YGR009C,ess,ess
0.01445086705202312,0.002420261042441006,0.21621621621621626,0.00878626890069473,0.027932960893854747,0.9869646182495344,0.3575418994413408,YDL067C,non_ess,non_ess
0.01445086705202312,0.002506698936813899,0.08108108108108109,0.1029832447895382,0.003201024327784891,0.095258068788909,0.4385403329065301,YBR227C,non_ess,non_ess
0.0028901734104046237,8.643789437289306e-05,0.054054054054054064,0.01838986514098897,0.003125,0.06736979166666666,1.0,YOL050C,non_ess,non_ess
0.1213872832369942,0.02532630305125767,0.1891891891891892,0.4621986105435227,0.006143943826799297,0.14751909880640132,0.17495611468695146,YFR019W,non_ess,non_ess
0.08959537572254335,0.029648197769902324,0.1891891891891892,0.2073968124233756,0.010016155088852988,0.1708621763341486,0.1651050080775444,YGR258C,non_ess,non_ess
0.1329479768786127,0.04589852191200623,0.027027027027027032,0.3406211687780956,0.009107107503464659,0.2388864352831884,0.2658879429815878,YKR031C,non_ess,non_ess
0.02023121387283237,0.0028524505143054713,0.08108108108108109,0.0361667347772783,0.012048192771084338,0.24085365853658536,0.3924268502581756,YLR292C,non_ess,non_ess
0.0057803468208092465,0.0010372547324747168,0.0,0.06198065658629615,0.0020833333333333333,0.09468688362919132,0.9916666666666668,YGL103W,ess,ess
0.09248554913294796,0.02109084622698591,0.2702702702702703,0.1520228851655088,0.014022787028921999,0.3504890849929987,0.16476774758983348,YCL045C,non_ess,non_ess
0.16473988439306358,0.037341170369089814,0.08108108108108109,0.28504290968532897,0.01345926800472255,0.3752242659634333,0.07319952774498227,YMR176W,non_ess,non_ess
0.0028901734104046237,0.00017287578874578615,0.0,0.006129955046996323,0.0071428571428571435,0.13664059283655824,1.0,YLR347W-A,non_ess,non_ess
0.13583815028901733,0.04650358717261648,0.10810810810810813,0.1140171638741316,0.02726218097447796,0.6917284542183664,0.08178654292343387,YBR296C,non_ess,non_ess
0.09826589595375723,0.01685538940271415,0.027027027027027032,0.1403759705762158,0.01610611084793936,0.4860844261499216,0.3320701089531028,YOR365C,non_ess,non_ess
0.07514450867052022,0.017719768346443083,0.21621621621621626,0.13220269718022068,0.013058764439979907,0.3564908065676989,0.131592164741336,YJL149W,non_ess,non_ess
0.02023121387283237,0.0013830063099662892,0.054054054054054064,0.05414793624846752,0.008284023668639055,0.2866600269494405,0.3384615384615385,YNL252C,non_ess,non_ess
0.008670520231213872,0.0016423199930849686,0.08108108108108109,0.010420923579893748,0.014778325123152709,0.4178321955237356,1.0,YGL041C,non_ess,non_ess
0.04046242774566474,0.01434869046590025,0.054054054054054064,0.05557825909276666,0.016166281755196306,1.2602205466252696,0.3579676674364896,YJR155W,non_ess,non_ess
0.02023121387283237,0.005359149451119371,0.08108108108108109,0.020841847159787496,0.01966292134831461,0.8919385406795722,0.351123595505618,YPR099C,non_ess,non_ess
0.0057803468208092465,0.0009508168381018238,0.0,0.07907642010625256,0.0016515276630883564,0.039302177298811525,0.9900908340214699,YKL195W,ess,ess
0.18497109826589594,0.0498746650531593,0.027027027027027032,0.25888843481814466,0.01661905998441963,0.4863324918184315,0.1249026226954038,YDL019C,non_ess,non_ess
0.01445086705202312,0.0014694442043391822,0.054054054054054064,0.020024519820187988,0.01453488372093023,0.7332523429364805,0.3779069767441861,YDR286C,non_ess,non_ess
0.05491329479768786,0.008038724176679056,0.2702702702702703,0.08111973845525132,0.015310233682514104,0.5425832348046119,0.31990330378726833,YAL034C,non_ess,non_ess
0.06936416184971098,0.009421730486645344,0.1891891891891892,0.19493257049448307,0.008241758241758242,0.4451312576312577,0.2554945054945055,YIR023W,non_ess,non_ess
0.008670520231213872,0.0008643789437289308,0.054054054054054064,0.008377605230894975,0.017341040462427744,0.4310128172907765,1.0,YPL135C-A,non_ess,non_ess
0.07803468208092486,0.013743625205290001,0.08108108108108109,0.08581937065794852,0.020610687022900764,0.5443305600823398,0.14427480916030536,YIL135C,non_ess,non_ess
0.0028901734104046237,0.0003457515774915723,0.054054054054054064,0.09419697588884347,0.0006978367062107465,0.027517165921445985,0.7550593161200279,YDL103C,ess,ess
0.11271676300578035,0.017892644135188866,0.2972972972972973,0.16244380874540254,0.01601642710472279,0.5479137414678884,0.20164271047227927,YDR258C,non_ess,non_ess
0.0722543352601156,0.027227936727461318,0.027027027027027032,0.08193706579485084,0.019952114924181964,0.8501026108767529,0.18994413407821228,YDL033C,non_ess,non_ess
0.02023121387283237,0.002420261042441006,0.054054054054054064,0.026563138536984058,0.01590909090909091,0.3838578088578089,0.5181818181818182,YBR282W,non_ess,non_ess
0.06647398843930635,0.016768951508341255,0.0,0.12729873314262366,0.011985409067222513,0.4233159841031661,0.22094841063053675,YBR045C,non_ess,non_ess
0.01445086705202312,0.0045812084017633325,0.4594594594594595,0.01879852881078873,0.015337423312883437,0.3131884893061723,0.3803680981595092,YJL199C,non_ess,non_ess
0.06069364161849713,0.012447056789696605,0.027027027027027032,0.061912545974662864,0.021897810218978103,0.4723670490093848,0.17518248175182485,YLR439W,non_ess,non_ess
0.04624277456647399,0.010718298902238741,0.13513513513513514,0.053330608908867996,0.01920768307322929,0.3862535367844887,0.4981992797118848,YDL186W,non_ess,non_ess
0.023121387283237003,0.00561846313423805,0.0,0.03780138945647732,0.013223140495867768,0.3864704696633744,0.2826446280991736,YDR537C,non_ess,non_ess
0.04335260115606936,0.01184199152908635,0.0,0.05823457294646505,0.016574585635359115,1.5805709023941068,0.2497237569060773,YLR307W,non_ess,non_ess
0.05780346820809248,0.017114703085832832,0.0,0.09276665304454433,0.0141643059490085,0.4685403309974653,0.2252124645892352,YMR027W,non_ess,non_ess
0.06358381502890173,0.02005359149451119,0.054054054054054064,0.01879852881078873,0.06748466257668713,1.4263558282208588,0.2699386503067485,YGR269W,non_ess,non_ess
0.049132947976878616,0.014175814677154463,0.16216216216216214,0.03064977523498161,0.034,0.7234905149051492,0.294,YER066C-A,non_ess,non_ess
0.04335260115606936,0.006655717866712767,0.0,0.10706988148753577,0.009247842170160295,0.2092134786036264,0.2046855733662145,YKR016W,non_ess,non_ess
0.017341040462427744,0.0012965684155933962,0.13513513513513514,0.02778912954638333,0.013100436681222708,0.5716068086623296,0.3231441048034934,YCL058C,non_ess,non_ess
0.0028901734104046237,8.643789437289306e-05,0.0,0.017981201471189208,0.0031847133757961785,0.10305081065431383,0.5318471337579618,YEL030C-A,non_ess,non_ess
0.011560693641618495,0.0009508168381018238,0.10810810810810813,0.04229668982427463,0.005961251862891207,0.18034292251877945,0.6661698956780924,YMR222C,non_ess,non_ess
0.07803468208092486,0.01927565044515516,0.0,0.0986922762566408,0.01801200800533689,0.581175627758407,0.25350233488992663,YFR010W,non_ess,non_ess
0.04046242774566474,0.00950816838101824,0.0,0.07315079689415611,0.012455516014234877,0.5461743772241993,0.3959074733096085,YDR415C,non_ess,non_ess
0.02023121387283237,0.0026795747255596854,0.027027027027027032,0.06007355946056396,0.007510729613733906,0.21135565565920614,1.0,YDR090C,non_ess,non_ess
0.06358381502890173,0.015299507304002076,0.027027027027027032,0.06395586432366163,0.022244691607684528,0.5422470707190864,0.25884732052578363,YBR104W,non_ess,non_ess
0.049132947976878616,0.0187570230789178,0.13513513513513514,0.09358398038414384,0.011938202247191013,0.4354771088378333,1.0,YBR293W,non_ess,non_ess
0.17052023121387286,0.03768692194658138,0.1891891891891892,0.3986514098896608,0.00999491783838726,0.2665831992207353,0.10841944773843808,YGR271W,non_ess,non_ess
0.03468208092485549,0.006396404183594088,0.16216216216216214,0.033714752758479766,0.02201834862385321,0.42012951969778745,0.1963302752293578,YGL242C,non_ess,non_ess
0.008670520231213872,0.0013830063099662892,0.0,0.06620351450756028,0.0029354207436399216,0.07786374186501616,0.5645792563600783,YNL290W,ess,ess
0.02023121387283237,0.027746564093698675,0.2702702702702703,0.013894564773191663,0.02755905511811024,3.3668956274082764,0.5748031496062992,YNL337W,non_ess,non_ess
0.0,0.0,0.027027027027027032,0.05598692276256642,0.0,0.0,1.0,YLR132C,ess,non_ess
0.06069364161849713,0.014089376782781571,0.16216216216216214,0.11238250919493258,0.012352941176470587,0.3453388235294117,1.0,YOR023C,non_ess,non_ess
0.04046242774566474,0.0087302273316622,0.0,0.2425418880261545,0.003877042370534478,0.10081314578511542,0.30047078371642205,YPR010C,ess,ess
0.13005780346820808,0.029648197769902324,0.027027027027027032,0.2811606048222313,0.01077070368597415,0.20930097162744365,0.09502154140737194,YBR115C,non_ess,non_ess
0.06358381502890173,0.016077448353358108,0.13513513513513514,0.13731099305271766,0.010648596321393998,0.2973532205007272,0.2846079380445305,YER077C,non_ess,non_ess
0.04624277456647399,0.014521566254646038,0.13513513513513514,0.022067838169186758,0.0427807486631016,0.7435414626798222,0.37433155080213903,YFR036W,non_ess,non_ess
0.02890173410404624,0.019621402022646728,0.10810810810810813,0.011442582754393136,0.045871559633027525,0.9644994016753092,1.0,YGR270C-A,non_ess,non_ess
0.03468208092485549,0.006137090500475408,0.054054054054054064,0.10196158561503883,0.007756948933419522,0.323926259890519,0.4104718810601163,YDR323C,non_ess,non_ess
0.008670520231213872,0.00112369262684761,0.0,0.2061708214139763,0.0009749756256093598,0.032020985189655966,0.8836529086772831,YDR060W,ess,ess
0.11560693641618495,0.03535309879851327,0.1891891891891892,0.16387413158970168,0.016286644951140062,0.3561346362649294,0.15553745928338766,YHR028C,non_ess,non_ess
0.0722543352601156,0.009853919958509807,0.4324324324324325,0.03453208009807928,0.04488330341113106,0.769715158498352,0.1400359066427289,YER034W,non_ess,non_ess
0.01445086705202312,0.002506698936813899,0.027027027027027032,0.02451982018798529,0.012195121951219513,0.2413053297199639,0.4536585365853658,YER147C-A,non_ess,non_ess
0.011560693641618495,0.0019880715705765406,0.0,0.12076011442582756,0.0021941854086670325,0.0796874065716373,0.3532638507953922,YDR341C,ess,ess
0.017341040462427744,0.0017287578874578616,0.0,0.07948508377605233,0.0049301561216105174,0.09952077922856853,0.552999178307313,YPR041W,ess,ess
0.0838150289017341,0.04123087561587,0.08108108108108109,0.13179403351042093,0.0146095717884131,0.4675062972292192,0.3375314861460957,YMR137C,non_ess,non_ess
0.15317919075144507,0.12187743106577925,0.054054054054054064,0.11646914589293013,0.030113636363636363,0.9451433421350434,0.1215909090909091,YLL028W,non_ess,non_ess
0.023121387283237003,0.004926959979254904,0.027027027027027032,0.03923171230077646,0.012779552715654952,0.36963334854708657,0.3785942492012779,YMR132C,non_ess,non_ess
0.011560693641618495,0.0006050652606102515,0.1891891891891892,0.05149162239476912,0.0049627791563275426,0.2625048974794306,0.8312655086848635,YOR115C,non_ess,non_ess
0.0028901734104046237,0.0012965684155933962,0.0,0.03248876174908051,0.00189753320683112,0.12858159392789373,1.0,YFL067W,non_ess,non_ess
0.05491329479768786,0.01149623995159478,0.10810810810810813,0.07110747854515734,0.01736745886654479,0.40306977452772697,0.22120658135283364,YPL081W,non_ess,non_ess
0.03757225433526011,0.010026795747255596,0.0,0.07662443808745402,0.011063829787234044,0.3643026004728132,0.27574468085106385,YER048C,non_ess,non_ess
0.008670520231213872,0.0019880715705765406,0.0,0.042092357989374746,0.004491017964071856,0.26835672916462155,0.5838323353293413,YPL121C,non_ess,non_ess
0.03468208092485549,0.007779410493560376,0.054054054054054064,0.015937883122190438,0.04225352112676056,1.5694435672329945,1.0,YPR160C-A,non_ess,non_ess
0.02023121387283237,0.004667646296136226,0.0,0.028606456885982838,0.014893617021276596,0.3989428609661448,0.674468085106383,YPL071C,non_ess,non_ess
0.06358381502890173,0.014002938888408678,0.16216216216216214,0.1485492439722109,0.009861048857014791,0.26023377870178754,0.2572837292693859,YDL093W,non_ess,non_ess
0.0,0.0,0.0,0.027993461381283204,0.0,0.0,1.0,YHL030W-A,non_ess,non_ess
0.03468208092485549,0.007779410493560376,0.16216216216216214,0.07335512872905599,0.010647737355811893,0.3746624705559421,0.16149068322981364,YBR204C,non_ess,non_ess
0.06069364161849713,0.009853919958509807,0.08108108108108109,0.058643236616264825,0.02305159165751921,0.6714653326375267,0.2579582875960483,YER185W,non_ess,non_ess
0.017341040462427744,0.005532025239865157,0.10810810810810813,0.05578259092766653,0.006904487917146146,0.2766022404358752,0.4718066743383199,YOL080C,non_ess,non_ess
0.0722543352601156,0.021523035698850376,0.2972972972972973,0.13322435635472007,0.012462612163509471,0.3233805078271679,0.2971086739780658,YML088W,non_ess,non_ess
0.06069364161849713,0.005791338922983836,0.10810810810810813,0.1356763383735186,0.010284035259549459,0.24797794698429745,0.2238001958863859,YPR074C,non_ess,non_ess
0.10693641618497107,0.02809231567119025,0.1891891891891892,0.036575398447078064,0.06303236797274275,1.0955702627692063,0.17546848381601365,YDL125C,non_ess,non_ess
0.0722543352601156,0.02204166306508773,0.054054054054054064,0.2178177360032693,0.0076970443349753705,0.2180829228243021,0.2312192118226601,YKL020C,non_ess,non_ess
0.0028901734104046237,0.0008643789437289308,0.0,0.014507560277891298,0.0038022813688212928,0.21138307984790874,1.0,YPL119C-A,non_ess,non_ess
0.0028901734104046237,0.001210130521220503,0.027027027027027032,0.0036779730281977937,0.009615384615384616,0.5663283475783476,1.0,YDR371C-A,non_ess,non_ess
0.0,0.0,0.0,0.020024519820187988,0.0,0.0,1.0,YLR159W,non_ess,non_ess
0.049132947976878616,0.011669115740340566,0.054054054054054064,0.04495300367797303,0.023943661971830985,0.7827735644637053,1.0,YOL147C,non_ess,non_ess
0.0028901734104046237,8.643789437289306e-05,0.13513513513513514,0.002451982018798529,0.011627906976744186,0.2228682170542636,1.0,YGL007C-A,non_ess,non_ess
0.10404624277456646,0.025239865156884776,0.1891891891891892,0.16693910911319984,0.014394242303078768,0.4877151180344189,0.2399040383846461,YGL027C,non_ess,non_ess
0.0057803468208092465,0.00112369262684761,0.08108108108108109,0.0126685737637924,0.00847457627118644,0.2529953243717125,0.8601694915254238,YLR395C,non_ess,non_ess
0.011560693641618495,0.00561846313423805,0.027027027027027032,0.04168369431957498,0.006042296072507553,0.11032472059662393,0.4305135951661632,YNL093W,non_ess,non_ess
0.0028901734104046237,8.643789437289306e-05,0.0,0.01982018798528811,0.0029325513196480947,0.11116790874115527,0.6686217008797654,YPL098C,non_ess,non_ess
0.04624277456647399,0.008903103120407986,0.10810810810810813,0.12525541479362487,0.008470089994706194,0.2448626016651427,0.1810481736368449,YOR066W,non_ess,non_ess
0.02023121387283237,0.0035439536692886157,0.054054054054054064,0.08520637515324889,0.005380476556495004,0.3020822513520438,0.4604150653343582,YNL330C,non_ess,non_ess
0.02023121387283237,0.0025931368311867924,0.0,0.026563138536984058,0.01590909090909091,0.5017045454545455,0.3568181818181818,YNL319W,non_ess,non_ess
0.008670520231213872,0.00224738525369522,0.08108108108108109,0.0126685737637924,0.012711864406779662,0.2911476414131101,1.0,YBL068W-A,non_ess,non_ess
0.11271676300578035,0.027746564093698675,0.054054054054054064,0.16223947691050267,0.016036184210526317,0.3323577786377709,0.12664473684210525,YOR162C,non_ess,non_ess
0.02023121387283237,0.0033710778805428297,0.0,0.2885165508786269,0.0016332244517032195,0.046334353965443394,0.34227718152123193,YNL088W,ess,ess
0.08959537572254335,0.02160947359322327,0.054054054054054064,0.0813240702901512,0.02491961414790997,0.6170394010654126,0.204983922829582,YMR253C,non_ess,non_ess
0.0028901734104046237,8.643789437289306e-05,0.027027027027027032,0.00878626890069473,0.00558659217877095,0.11017088399605653,0.5083798882681564,YBL039W-B,non_ess,non_ess
0.04335260115606936,0.019794277811392515,0.054054054054054064,0.06313853698406212,0.015353121801432956,0.4769063459570112,0.3336745138178096,YDR151C,non_ess,non_ess
0.0953757225433526,0.019102774656409367,0.027027027027027032,0.20862280343277484,0.01060070671378092,0.4694475566663794,0.1027947317699968,YOL098C,non_ess,non_ess
0.10404624277456646,0.03431584406603855,0.21621621621621626,0.07315079689415611,0.03202846975088968,0.6316864991103204,1.0,YPL001W,non_ess,non_ess
0.06647398843930635,0.012274181000950816,0.32432432432432434,0.1021659174499387,0.014838709677419357,0.4055621301775148,0.15548387096774194,YPL198W,non_ess,non_ess
0.008670520231213872,0.0010372547324747168,0.0,0.09521863506334287,0.002071823204419889,0.04983352237386118,0.8501381215469613,YHR024C,ess,ess
0.0028901734104046237,0.0002593136831186792,0.10810810810810813,0.04692821141533851,0.0013531799729364006,0.028725724630964962,0.8294993234100135,YLR211C,non_ess,non_ess
0.01445086705202312,0.0026795747255596854,0.027027027027027032,0.004699632202697182,0.04201680672268908,1.2227602905569008,1.0,YBR223W-A,non_ess,non_ess
0.01445086705202312,0.0033710778805428297,0.08108108108108109,0.07744176542705354,0.0042122999157540005,0.17704961645900766,0.5130581297388374,YKR059W,non_ess,non_ess
0.02890173410404624,0.003889705246780188,0.0,0.03003677973028198,0.020366598778004074,0.7375959764015184,0.1710794297352342,YHR180W,non_ess,non_ess
0.15895953757225434,0.05514737660990578,0.054054054054054064,0.2496253916360169,0.014804845222072678,0.32895880678684114,0.08667563930013457,YGL251C,non_ess,non_ess
0.031791907514450865,0.004926959979254904,0.027027027027027032,0.1313853698406212,0.0055583628094997475,0.1121093515814356,0.3744315310763012,YER173W,non_ess,non_ess
0.02023121387283237,0.0035439536692886157,0.08108108108108109,0.12382509194932573,0.003747323340471092,0.05731531049250535,0.4277301927194861,YAL047C,non_ess,non_ess
0.04335260115606936,0.0076929725991874845,0.0,0.07192480588475685,0.0135623869801085,0.4265727610164652,0.19258589511754068,YPR065W,non_ess,non_ess
0.023121387283237003,0.003803267352407295,0.13513513513513514,0.035349407437678795,0.0140597539543058,0.4815666582977655,0.5659050966608085,YIL024C,non_ess,non_ess
0.011560693641618495,0.00112369262684761,0.0,0.0959678517913091,0.002741603838245373,0.0623989033584647,0.7093899931459904,YML085C,ess,ess
0.017341040462427744,0.009681044169764024,0.054054054054054064,0.06368342187712846,0.006091370558375634,0.11785109983079525,0.6081218274111675,YBR119W,non_ess,non_ess
0.0,0.0,0.0,0.04474867184307317,0.0,0.0,1.0,YDR412W,ess,ess
0.008670520231213872,0.0017287578874578616,0.0,0.07580711074785453,0.002579535683576957,0.09226999140154772,0.7420464316423044,YOR063W,ess,ess
0.02023121387283237,0.01097761258535742,0.0,0.022476501838986515,0.018421052631578942,0.3170430622009569,1.0,YDL118W,non_ess,non_ess
0.031791907514450865,0.0033710778805428297,0.054054054054054064,0.05387549380193435,0.013079667063020214,0.3108687206413864,0.27110582639714625,YML026C,non_ess,non_ess
0.03468208092485549,0.01486731783213761,0.027027027027027032,0.046791990192071926,0.016282225237449117,0.4472111188529099,0.3649932157394844,YOL028C,non_ess,non_ess
0.02023121387283237,0.003889705246780188,0.027027027027027032,0.12014711892112792,0.0038588754134509366,0.15094791190469786,0.6521499448732084,YOL148C,non_ess,non_ess
0.03468208092485549,0.003889705246780188,0.027027027027027032,0.12832039231712306,0.0062047569803516025,0.17262317011849754,0.4270941054808687,YEL030W,non_ess,non_ess
0.05780346820809248,0.024289048318782952,0.054054054054054064,0.027584797711483453,0.04395604395604396,0.9047817047817048,0.1868131868131868,YOR298C-A,non_ess,non_ess
0.011560693641618495,0.007779410493560376,0.35135135135135137,0.017776869636289334,0.012861736334405145,0.28342589885998243,0.6784565916398714,YLR043C,non_ess,non_ess
0.04046242774566474,0.008643789437289308,0.0,0.023906824683285657,0.034912718204488775,0.8022770941498711,0.3092269326683292,YBL012C,non_ess,non_ess
0.08959537572254335,0.047108652433226726,0.08108108108108109,0.023498161013485903,0.07848101265822785,2.304699837072316,1.0,YNL269W,non_ess,non_ess
0.049132947976878616,0.006569279972339874,0.10810810810810813,0.15079689415610953,0.0075088339222614845,0.188295687017093,0.4257950530035336,YPL074W,non_ess,non_ess
0.031791907514450865,0.006223528394848302,0.08108108108108109,0.05619125459746629,0.012571428571428572,0.5621040293040294,0.4708571428571429,YHR209W,non_ess,non_ess
0.06358381502890173,0.013830063099662893,0.08108108108108109,0.1710257458111974,0.008590394377196406,0.16606907636248158,0.17883639203436158,YFR038W,non_ess,non_ess
0.02890173410404624,0.0033710778805428297,0.027027027027027032,0.12689006947282389,0.005227391531625719,0.1506167124894754,0.6732880292733926,YOR070C,non_ess,non_ess
0.05780346820809248,0.01045898521912006,0.08108108108108109,0.032080098079280764,0.03838771593090212,0.531080447957441,0.18234165067178504,YPR149W,non_ess,non_ess
0.0722543352601156,0.016768951508341255,0.2432432432432433,0.06947282386595832,0.02336448598130841,0.669936152493754,0.17383177570093458,YLR070C,non_ess,non_ess
0.0,0.0,0.0,0.018594196975888846,0.0,0.0,1.0,YER181C,non_ess,non_ess
0.02890173410404624,0.005186273662373585,0.027027027027027032,0.06129955046996322,0.010526315789473684,0.3382894736842105,0.3578947368421053,YGR062C,non_ess,non_ess
0.008670520231213872,0.0004321894718644654,0.027027027027027032,0.012464241928892523,0.012875536480686695,0.644273948994979,0.5021459227467812,YGL258W-A,non_ess,non_ess
0.15895953757225434,0.07010113233641628,0.08108108108108109,0.0570085819370658,0.06200676437429538,1.4963615865532438,0.18151071025930104,YOR083W,non_ess,non_ess
0.4017341040462428,0.1374362520529,0.08108108108108109,0.3036371066612178,0.0308340727595386,1.0184934719229306,1.0,YLR256W,non_ess,non_ess
0.017341040462427744,0.003111764197424151,0.08108108108108109,0.013894564773191663,0.023622047244094488,0.6377952755905512,0.4606299212598425,YPR012W,non_ess,non_ess
0.0057803468208092465,0.0017287578874578616,0.13513513513513514,0.026767470371883945,0.004514672686230248,0.10710070888281653,0.7133182844243793,YNL147W,non_ess,non_ess
0.06647398843930635,0.009940357852882704,0.13513513513513514,0.09705762157744176,0.015593220338983053,0.4092620599739245,0.2033898305084746,YCR045C,non_ess,non_ess
0.008670520231213872,0.007433658916068805,0.027027027027027032,0.01961585615038824,0.008875739644970414,0.4692906898359674,1.0,YKL177W,non_ess,non_ess
0.008670520231213872,0.002420261042441006,0.054054054054054064,0.03330608908868002,0.005565862708719851,0.14641311069882498,0.4489795918367347,YLR021W,non_ess,non_ess
0.01445086705202312,0.0013830063099662892,0.10810810810810813,0.11667347772783,0.0028360748723766306,0.054464620964585014,0.6647759500850823,YML123C,non_ess,non_ess
0.0057803468208092465,0.001210130521220503,0.0,0.04720065386187168,0.00269179004037685,0.0637181596131798,1.0,YKL152C,ess,ess
0.008670520231213872,0.0012965684155933962,0.0,0.021250510829587253,0.008287292817679558,0.1811537842621896,0.4447513812154696,YNL111C,non_ess,non_ess
0.05491329479768786,0.015558820987120752,0.13513513513513514,0.08030241111565183,0.015459723352318959,0.3768737003887533,0.306753458096013,YDR423C,non_ess,non_ess
0.049132947976878616,0.00959460627539113,0.054054054054054064,0.08908868001634655,0.012518409425625921,0.4923586722555794,0.14580265095729014,YBR166C,non_ess,non_ess
0.031791907514450865,0.004840522084882012,0.0,0.1755210461789947,0.004187285877426722,0.11907594213932242,0.4035020936429387,YNL221C,ess,ess
0.0057803468208092465,0.0006050652606102515,0.0,0.03064977523498161,0.004,0.0928625,0.97,YEL044W,non_ess,non_ess
0.03468208092485549,0.0045812084017633325,0.0,0.08643236616264814,0.009097801364670205,0.25707120779145043,0.3062926459438969,YLR360W,non_ess,non_ess
0.0057803468208092465,0.0004321894718644654,0.027027027027027032,0.023293829178586026,0.005102040816326529,0.17036379769299026,0.5306122448979592,YGL015C,non_ess,non_ess
0.07803468208092486,0.018151957818307547,0.054054054054054064,0.19002860645688602,0.009507042253521126,0.21422155688622754,0.16338028169014085,YBR086C,non_ess,non_ess
0.06358381502890173,0.01184199152908635,0.027027027027027032,0.15161422149570905,0.009666080843585235,0.3728559556409313,0.1840949033391916,YPL158C,non_ess,non_ess
0.04624277456647399,0.007779410493560376,0.10810810810810813,0.037188393951777685,0.026845637583892617,0.5346418216103327,0.203020134228188,YPL051W,non_ess,non_ess
0.19942196531791906,0.03578528827037773,0.10810810810810813,0.2985288107887209,0.015565080081209113,0.4028390963874835,0.059778930746672676,YGR281W,non_ess,non_ess
0.06358381502890173,0.02472123779064742,0.08108108108108109,0.009807928075194115,0.1134020618556701,3.609699433715696,0.26804123711340205,YMR175W-A,non_ess,non_ess
0.05780346820809248,0.01322499783905264,0.054054054054054064,0.052717613404168376,0.024271844660194167,0.5375807125934873,0.16868932038834952,YGL085W,non_ess,non_ess
0.049132947976878616,0.015472383092747859,0.08108108108108109,0.12157744176542705,0.009264305177111716,0.28010899182561305,0.17220708446866484,YNL268W,non_ess,non_ess
0.011560693641618495,0.0018151957818307548,0.0,0.08663669799754803,0.003025718608169441,0.088097312000489,0.8003025718608171,YDR449C,ess,ess
0.0028901734104046237,0.00017287578874578615,0.0,0.05455659991826727,0.0011750881316098707,0.027696282519202184,1.0,YGL128C,ess,ess
0.008670520231213872,0.0005186273662373584,0.10810810810810813,0.022885165508786283,0.007772020725388602,0.2132933937823834,1.0,YPR059C,non_ess,non_ess
0.08092485549132948,0.01970783991701961,0.027027027027027032,0.06579485083776053,0.02755905511811024,0.6783839520059993,0.17421259842519685,YBR050C,non_ess,non_ess
0.05202312138728323,0.013570749416544212,0.0,0.2505108295872497,0.004828326180257511,0.3616378880127758,0.26126609442060084,YDR097C,non_ess,non_ess
0.011560693641618495,0.001901633676203648,0.0,0.03473641193297916,0.0071428571428571435,0.19698660714285715,0.5196428571428572,YLR031W,non_ess,non_ess
0.23410404624277456,0.084882012274181,0.2972972972972973,0.08316305680425011,0.06372934697088907,1.183111482201063,0.07946498819826907,YHR033W,non_ess,non_ess
0.04624277456647399,0.0076929725991874845,0.027027027027027032,0.07989374744585206,0.013082583810302535,0.4696515440587395,0.17825020441537204,YDL104C,non_ess,non_ess
0.0028901734104046237,0.00017287578874578615,0.0,0.10870453616673477,0.0006075334143377885,0.017573187022180626,0.6421628189550426,YDR232W,ess,ess
0.026011560693641616,0.0044083326130175465,0.16216216216216214,0.0995096035962403,0.005956320317670417,0.2649097872432761,0.6446062210456651,YGL017W,non_ess,non_ess
0.08092485549132948,0.014002938888408678,0.0,0.2290559869227625,0.008203926164664518,0.23686578010225226,0.16056255493700558,YOR188W,non_ess,non_ess
0.05491329479768786,0.014521566254646038,0.027027027027027032,0.020433183489987745,0.054285714285714284,1.7076600985221675,0.62,YLR280C,non_ess,non_ess
0.008670520231213872,0.0014694442043391822,0.13513513513513514,0.01920719248058848,0.009036144578313251,0.2440263848690853,0.4307228915662651,YGR215W,non_ess,non_ess
0.10982658959537572,0.01832483360705333,0.027027027027027032,0.13588067020841849,0.018581907090464547,0.3170143470037367,0.17359413202933985,YBR117C,non_ess,non_ess
0.08670520231213873,0.015299507304002076,0.0,0.08214139762975071,0.02388535031847134,0.5438024466686887,0.1035031847133758,YML083C,non_ess,non_ess
0.0722543352601156,0.0087302273316622,0.10810810810810813,0.10339190845933798,0.01594387755102041,0.478976723825625,0.1875,YNL116W,non_ess,non_ess
0.03468208092485549,0.006655717866712767,0.054054054054054064,0.05714480316033239,0.013498312710911136,0.460485296480797,0.29021372328458944,YNL246W,non_ess,non_ess
0.06069364161849713,0.02109084622698591,0.027027027027027032,0.061708214139762976,0.021966527196652718,0.4921650668635655,0.13284518828451886,YCR069W,non_ess,non_ess
0.10982658959537572,0.027141498833088425,0.16216216216216214,0.2374335921536576,0.010746606334841629,0.2766115926327194,0.15186651583710406,YKL201C,non_ess,non_ess
0.031791907514450865,0.007260783127323019,0.0,0.042092357989374746,0.016467065868263474,0.6621354066061426,0.2440119760479042,YGL210W,non_ess,non_ess
0.05202312138728323,0.008557351542916414,0.10810810810810813,0.10257458111973848,0.011568123393316195,0.35355838181572186,0.2866323907455013,YER007W,non_ess,non_ess
0.011560693641618495,0.0010372547324747168,0.054054054054054064,0.040049039640375976,0.006269592476489028,0.2013155272074945,0.4717868338557994,YDR298C,non_ess,non_ess
0.02890173410404624,0.010199671536001384,0.08108108108108109,0.02451982018798529,0.024390243902439025,0.9804878048780488,0.8682926829268293,YHR070C-A,non_ess,non_ess
0.06069364161849713,0.016250324142103898,0.21621621621621626,0.07928075194115244,0.01729818780889621,0.3201505689437186,0.19110378912685336,YNR021W,non_ess,non_ess
0.07514450867052022,0.04503414296827729,0.10810810810810813,0.020228851655087855,0.07492795389048991,2.054335357152849,1.0,YMR107W,non_ess,non_ess
0.04046242774566474,0.007952286282306162,0.1891891891891892,0.0823457294646506,0.011119936457505955,0.2960571882446386,0.26131850675139,YBR271W,non_ess,non_ess
0.07514450867052022,0.02480767568502032,0.054054054054054064,0.11646914589293013,0.014772727272727272,0.374393474623536,0.1375,YMR291W,non_ess,non_ess
0.0028901734104046237,8.643789437289306e-05,0.0,0.007968941561095219,0.0059880239520958105,0.20480272332048235,0.9700598802395208,YAR020C,non_ess,non_ess
0.011560693641618495,0.0014694442043391822,0.027027027027027032,0.07294646505925624,0.003568242640499554,0.08036400563288619,0.4611953612845674,YPL165C,non_ess,non_ess
0.011560693641618495,0.00112369262684761,0.027027027027027032,0.03044544340008173,0.008048289738430584,0.28589095548903176,0.8008048289738431,YBR300C,non_ess,non_ess
0.03468208092485549,0.009853919958509807,0.08108108108108109,0.05557825909276666,0.013856812933025405,0.3863261449866531,0.20785219399538107,YGR148C,non_ess,non_ess
0.03757225433526011,0.012014867317832138,0.0,0.10359624029423783,0.008274984086569064,0.21756312327604496,0.22915340547422025,YBR184W,non_ess,non_ess
0.10404624277456646,0.04183594087648025,0.16216216216216214,0.13445034736411934,0.017786561264822136,0.646583850931677,0.2025691699604743,YOR054C,non_ess,non_ess
0.0,0.0,0.0,0.1275030649775235,0.0,0.0,1.0,YGL099W,ess,ess
0.06647398843930635,0.02135015991010459,0.0,0.0860237024928484,0.017517136329017517,0.3231551130527469,0.2680883472962681,YDL133W,non_ess,non_ess
0.0,0.0,0.0,0.006742950551695957,0.0,0.0,1.0,YLR154C-G,non_ess,non_ess
0.011560693641618495,0.0005186273662373584,0.0,0.048086091813104484,0.005291005291005291,0.1042768959435626,0.6587301587301587,YBL040C,ess,ess
0.06069364161849713,0.021263722015731696,0.4594594594594595,0.07928075194115244,0.01729818780889621,0.4573316877234934,0.28500823723228996,YJR149W,non_ess,non_ess
0.0,0.0,0.0,0.36371066612178177,0.0,0.0,1.0,YOR396W,non_ess,non_ess
0.02890173410404624,0.010545423113492956,0.3783783783783784,0.0190028606456886,0.030395136778115506,1.1683463979096678,0.2188449848024316,YER097W,non_ess,non_ess
0.02023121387283237,0.001901633676203648,0.027027027027027032,0.07376379239885575,0.00617828773168579,0.20347160929685204,0.235657546337158,YIL110W,non_ess,non_ess
0.023121387283237003,0.00959460627539113,0.08108108108108109,0.063342868818962,0.00816326530612245,0.186968281288419,0.2785714285714286,YBL068W,non_ess,non_ess
0.05780346820809248,0.020572218860748552,0.0,0.08786268900694727,0.01492537313432836,0.40291467192340186,0.2462686567164179,YPL133C,non_ess,non_ess
0.16184971098265896,0.03595816405912352,0.3783783783783784,0.1060482223130364,0.03484754200373367,1.1754193381484097,0.0970752955818295,YFR006W,non_ess,non_ess
0.0057803468208092465,0.0013830063099662892,0.054054054054054064,0.0968532897425419,0.001358695652173913,0.04354001976284585,0.5163043478260869,YJL091C,ess,ess
0.008670520231213872,0.0012965684155933962,0.0,0.02370249284838578,0.007537688442211055,0.2880662051516323,0.7613065326633166,YDR225W,non_ess,non_ess
0.07803468208092486,0.016509637825222582,0.0,0.12791172864732325,0.014004149377593363,0.30040528804400274,0.2432572614107884,YNL299W,non_ess,non_ess
0.02023121387283237,0.012792808367188177,0.054054054054054064,0.020228851655087855,0.02017291066282421,0.6179634966378482,0.5677233429394812,YLR184W,non_ess,non_ess
0.01445086705202312,0.001210130521220503,0.08108108108108109,0.053739272578667764,0.0059594755661501785,0.2379912485509494,0.4040524433849821,YJL115W,non_ess,non_ess
0.02890173410404624,0.007260783127323019,0.1891891891891892,0.04658765835717205,0.013623978201634877,1.0673082497536088,0.34877384196185285,YJR024C,non_ess,non_ess
0.06358381502890173,0.01702826519145994,0.10810810810810813,0.05087862689006948,0.027603513174404008,0.7616425673947206,0.2685069008782936,YGL117W,non_ess,non_ess
0.0057803468208092465,0.0006915031549831446,0.054054054054054064,0.002451982018798529,0.02325581395348837,0.7225718194254446,0.7558139534883721,YFR012W-A,non_ess,non_ess
0.011560693641618495,0.0017287578874578616,0.027027027027027032,0.02451982018798529,0.00975609756097561,0.27923344947735196,0.9829268292682928,YBR226C,non_ess,non_ess
0.02023121387283237,0.0029388884086783643,0.0,0.027176134041683696,0.0155902004454343,0.5020415738678545,0.4120267260579065,YDR063W,non_ess,non_ess
0.04335260115606936,0.01823839571268044,0.027027027027027032,0.0606865549652636,0.015940488841657812,0.3914894881951205,0.3868225292242296,YGR282C,non_ess,non_ess
0.10115606936416184,0.04468839139078572,0.2972972972972973,0.036575398447078064,0.0596252129471891,1.1902589580378211,0.19931856899488928,YFR017C,non_ess,non_ess
0.026011560693641616,0.0044083326130175465,0.08108108108108109,0.13710666121781775,0.004362578768783325,0.1120969934856886,0.6946194861851672,YDL199C,non_ess,non_ess
0.0028901734104046237,0.0004321894718644654,0.027027027027027032,0.005312627707396813,0.0078125,0.1872767857142857,0.859375,YGR122C-A,non_ess,non_ess
0.0028901734104046237,0.00017287578874578615,0.0,0.021250510829587253,0.0027624309392265192,0.13304928676218122,0.5497237569060773,YAL068C,non_ess,non_ess
0.0953757225433526,0.01659607571959547,0.1891891891891892,0.1248467511238251,0.017525225703664358,0.3671206502591824,0.1571959638874137,YHL040C,non_ess,non_ess
0.011560693641618495,0.0015558820987120756,0.0,0.058643236616264825,0.004390779363336993,0.09433345529942676,0.7486278814489572,YNL006W,ess,ess
0.04624277456647399,0.01944852623390094,0.027027027027027032,0.05006129955046997,0.02038216560509554,0.926738040384876,0.2611464968152866,YAL027W,non_ess,non_ess
0.12716763005780346,0.04053937246088685,0.2432432432432433,0.2308949734368615,0.012790697674418604,0.16216126681242962,0.17296511627906974,YHL023C,non_ess,non_ess
0.05491329479768786,0.011582677845967672,0.054054054054054064,0.05312627707396813,0.02289156626506024,0.8553425380353531,0.26265060240963856,YGL096W,non_ess,non_ess
0.0838150289017341,0.025412740945630563,0.0,0.10196158561503883,0.01874595992243051,0.5256261551207698,0.18616677440206847,YOR378W,non_ess,non_ess
0.0057803468208092465,0.0008643789437289308,0.0,0.03882304863097672,0.0032258064516129032,0.13815668202764975,0.9064516129032258,YDR167W,ess,ess
0.0028901734104046237,8.643789437289306e-05,0.35135135135135137,0.0018389865140988968,0.012987012987012988,0.2550456300456301,0.8051948051948052,YDL184C,non_ess,non_ess
0.008670520231213872,0.0008643789437289308,0.0,0.013281569268492034,0.012244897959183671,0.33896624070188824,0.7142857142857143,YHR131W-A,non_ess,non_ess
0.011560693641618495,0.0012965684155933962,0.0,0.029628116060482226,0.00824742268041237,0.21073771589235507,0.7958762886597938,YDR024W,non_ess,non_ess
0.04335260115606936,0.006309966289221194,0.027027027027027032,0.10032693093583983,0.009848982271831909,0.2420595642927843,0.3328956007879186,YGR093W,non_ess,non_ess
0.06069364161849713,0.009421730486645344,0.08108108108108109,0.08929301185124643,0.015429831006612785,0.582371864884723,0.19324026451138868,YLR231C,non_ess,non_ess
0.40462427745664736,0.17045552770334513,0.027027027027027032,0.07437678790355537,0.12259194395796848,2.64281125416927,0.11120840630472854,YGL126W,non_ess,non_ess
0.0,0.0,0.0,0.005516959542296689,0.0,0.0,1.0,YLR156C-A,non_ess,non_ess
0.03468208092485549,0.016250324142103898,0.054054054054054064,0.011646914589293013,0.05429864253393665,1.5964471258588906,0.28054298642533937,YGR291C,non_ess,non_ess
0.04624277456647399,0.00760653470481459,0.10810810810810813,0.11708214139762975,0.009044657998869415,0.2785602652592976,0.26172979084228376,YGR077C,non_ess,non_ess
0.02023121387283237,0.0036303915636615096,0.2432432432432433,0.06845116469145894,0.006635071090047393,0.2255924170616113,0.2805687203791469,YDR202C,non_ess,non_ess
0.011560693641618495,0.0013830063099662892,0.10810810810810813,0.010216591744993873,0.02,0.38756410256410256,0.575,YDR524C-B,non_ess,non_ess
0.03757225433526011,0.017114703085832832,0.027027027027027032,0.08929301185124643,0.009551800146950772,0.24502641615058954,0.3952975753122704,YDR229W,non_ess,non_ess
0.06936416184971098,0.021868787276341943,0.13513513513513514,0.1103391908459338,0.01437125748502994,0.9425293990332588,0.3089820359281437,YER140W,non_ess,non_ess
0.04335260115606936,0.00950816838101824,0.027027027027027032,0.07458111973845526,0.013100436681222708,0.4814297933642462,0.2131004366812227,YPR140W,non_ess,non_ess
0.0,0.0,0.027027027027027032,0.027380465876583573,0.0,0.0,1.0,YBR266C,non_ess,non_ess
0.017341040462427744,0.0016423199930849686,0.054054054054054064,0.028606456885982838,0.01276595744680851,0.253471444568869,0.4106382978723404,YOR339C,non_ess,non_ess
0.06069364161849713,0.017633330452070186,0.32432432432432434,0.06211687780956274,0.02182952182952183,1.1044014662435715,0.2276507276507277,YIL077C,non_ess,non_ess
0.011560693641618495,0.0020745094649494327,0.0,0.28994687372292605,0.0009287206872533086,0.030839331321105175,0.3972602739726027,YDR464W,ess,ess
0.0,0.0,0.0,0.017981201471189208,0.0,0.0,1.0,YNL296W,non_ess,non_ess
0.03468208092485549,0.007347221021695911,0.2432432432432433,0.09011033919084592,0.008739985433357609,0.2459024473054449,0.2316096139839767,YJR062C,non_ess,non_ess
0.10404624277456646,0.02895669461491918,0.10810810810810813,0.12689006947282389,0.01881860951385259,0.6444957417576064,0.12807109252483012,YHR161C,non_ess,non_ess
0.0838150289017341,0.02973463566427522,0.10810810810810813,0.01838986514098897,0.090625,3.232962962962963,0.196875,YKR073C,non_ess,non_ess
0.0,0.0,0.0,0.008581937065794852,0.0,0.0,1.0,YHR072W-A,non_ess,non_ess
0.1936416184971098,0.0498746650531593,0.054054054054054064,0.18062934205149164,0.024796447076239826,0.5401027445943892,0.10399703923019986,YKR009C,non_ess,non_ess
0.04335260115606936,0.012706370472815282,0.0,0.052513281569268495,0.018270401948842874,0.4079120990661795,0.2375152253349573,YGL187C,non_ess,non_ess
0.008670520231213872,0.0008643789437289308,0.027027027027027032,0.026767470371883945,0.0067720090293453715,0.17218193170356852,1.0,YIL066W-A,non_ess,non_ess
0.06647398843930635,0.031895583023597546,0.027027027027027032,0.1892112791172865,0.008132956152758133,0.21785656317388166,0.2213578500707213,YML109W,non_ess,non_ess
0.21098265895953755,0.0510847955743798,0.027027027027027032,0.37167960768287706,0.013255856183039769,0.4044606734900949,0.07717450517523153,YBR208C,non_ess,non_ess
0.05202312138728323,0.05480162503241421,0.1891891891891892,0.017981201471189208,0.05732484076433121,1.602343949044586,0.3726114649681528,YJL007C,non_ess,non_ess
0.1936416184971098,0.10337972166998012,0.2702702702702703,0.05496526358806703,0.07817969661610269,1.4465248481584538,1.0,YMR069W,non_ess,non_ess
0.03757225433526011,0.004321894718644654,0.027027027027027032,0.03187576624438088,0.02509652509652509,0.5919480849058314,0.1640926640926641,YOL024W,non_ess,non_ess
0.06936416184971098,0.019362088339528048,0.0,0.06272987331426237,0.024716786817713696,0.5901674887527779,0.16992790937178168,YDR480W,non_ess,non_ess
0.04335260115606936,0.016509637825222582,0.32432432432432434,0.015324887617490809,0.054545454545454536,1.1695331695331694,0.15636363636363634,YNR037C,non_ess,non_ess
0.03468208092485549,0.012274181000950816,0.16216216216216214,0.06293420514916225,0.012320328542094456,0.3551396717335281,1.0,YDR124W,non_ess,non_ess
0.05780346820809248,0.010113233641628493,0.0,0.12321209644462608,0.010758472296933837,0.24676495937576864,0.164066702528241,YOR030W,non_ess,non_ess
0.023121387283237003,0.003457515774915723,0.027027027027027032,0.08173273395995098,0.0064,0.1166485596707819,0.292,YMR067C,non_ess,non_ess
0.07803468208092486,0.01832483360705333,0.35135135135135137,0.08520637515324889,0.0207532667179093,0.4237662381063778,0.1398923904688701,YOL124C,non_ess,non_ess
0.0,0.0,0.16216216216216214,0.0018389865140988968,0.0,0.0,1.0,YDL133C-A,non_ess,non_ess
0.017341040462427744,0.0014694442043391822,0.054054054054054064,0.01879852881078873,0.018404907975460124,0.5940862918636227,0.4110429447852761,YNL184C,non_ess,non_ess
0.031791907514450865,0.010199671536001384,0.13513513513513514,0.1364936657131181,0.0053554040895813036,0.1425059966276391,0.26241480038948395,YDR350C,non_ess,non_ess
0.0953757225433526,0.02195522517071484,0.08108108108108109,0.16326113608500206,0.013485901103391908,0.395889000660149,0.11728647323252962,YDR422C,non_ess,non_ess
0.023121387283237003,0.003457515774915723,0.0,0.07662443808745402,0.006808510638297872,0.30423726627981945,0.38468085106382977,YCR094W,non_ess,non_ess
0.07803468208092486,0.013657187310917106,0.0,0.2355946056395587,0.007694499857509263,0.4343428586232804,0.2373895696779709,YKR102W,non_ess,non_ess
0.04046242774566474,0.013138559944679749,0.027027027027027032,0.04372701266857377,0.02023121387283237,0.4665231828803345,0.36560693641618497,YOR283W,non_ess,non_ess
0.361271676300578,0.13199066470740772,0.1891891891891892,0.09889660809154067,0.08322237017310254,1.687800619582054,0.10386151797603196,YCL040W,non_ess,non_ess
0.023121387283237003,0.006223528394848302,0.08108108108108109,0.046996322026971814,0.010810810810810813,0.17578256222324018,0.6027027027027027,YAL049C,non_ess,non_ess
0.02890173410404624,0.027141498833088425,0.027027027027027032,0.020024519820187988,0.02906976744186046,1.0335114834609274,0.3052325581395349,YER121W,non_ess,non_ess
0.09826589595375723,0.028783818826173393,0.054054054054054064,0.16162648140580305,0.0140321914981428,0.42151602696381896,0.1200990507635163,YBR276C,non_ess,non_ess
0.07514450867052022,0.028783818826173393,0.0,0.09297098487944422,0.018374558303886925,0.5558767890923368,0.16113074204946998,YMR223W,non_ess,non_ess
0.04046242774566474,0.0033710778805428297,0.13513513513513514,0.0905190028606457,0.01015228426395939,0.33203941475067184,0.43002175489485134,YBL089W,non_ess,non_ess
0.031791907514450865,0.00950816838101824,0.0,0.11115651818553332,0.006539833531510107,0.16963585666886474,0.2336504161712248,YPR072W,non_ess,non_ess
0.0057803468208092465,0.00017287578874578615,0.054054054054054064,0.04297779594060755,0.002936857562408223,0.04965830791821981,0.6328928046989721,YPR043W,non_ess,non_ess
0.04335260115606936,0.0060506526061025155,0.027027027027027032,0.17838169186759298,0.0056200824278756075,0.15471242455597467,0.3079805170475834,YLR357W,non_ess,non_ess
0.09248554913294796,0.012274181000950816,0.0,0.256640784634246,0.008381351492928235,0.3140979063519154,0.33708748035620745,YOR124C,non_ess,non_ess
0.17052023121387286,0.04823234506007434,0.13513513513513514,0.11749080506742952,0.033239436619718316,0.5085050654806029,0.09577464788732394,YML054C,non_ess,non_ess
0.06069364161849713,0.01754689255769729,0.10810810810810813,0.06211687780956274,0.02182952182952183,0.4744710774122539,0.3295218295218295,YMR180C,non_ess,non_ess
0.06358381502890173,0.01037254732474717,0.2702702702702703,0.1319983653453208,0.011066398390342052,0.2651780993125991,0.15895372233400398,YFR048W,non_ess,non_ess
0.02023121387283237,0.0045812084017633325,0.027027027027027032,0.1240294237842256,0.003741314804917157,0.09100860953165953,0.4350614644575094,YKL212W,non_ess,non_ess
0.04046242774566474,0.005964214711729622,0.1891891891891892,0.0960359624029424,0.009589041095890413,0.4180821917808219,0.2897260273972603,YGL104C,non_ess,non_ess
0.031791907514450865,0.004840522084882012,0.0,0.15284021250510832,0.004795117698343504,0.13180668353082148,0.3321708805579773,YDL028C,ess,ess
0.0838150289017341,0.02610424410061371,0.16216216216216214,0.14446260727421334,0.013357899585444496,0.3659065764947461,0.136803316444035,YDR333C,non_ess,non_ess
0.02890173410404624,0.004840522084882012,0.08108108108108109,0.016142214957090315,0.03484320557491289,0.9420778539582628,0.2578397212543554,YGR236C,non_ess,non_ess
0.04046242774566474,0.0042354568242717605,0.08108108108108109,0.14527993461381286,0.00641319285387082,0.11976074195167714,0.29867155290884106,YMR154C,non_ess,non_ess
0.453757225433526,0.16699801192842942,0.10810810810810813,0.3034327748263179,0.03485016648168701,0.6962044719493462,0.05571587125416204,YDR011W,non_ess,non_ess
0.06358381502890173,0.027487250410580002,0.027027027027027032,0.0696771557008582,0.020503261882572232,0.8033291912602258,0.14725069897483692,YNL187W,non_ess,non_ess
0.011560693641618495,0.0050998357680006896,0.0,0.02063751532488762,0.0113314447592068,0.325521503991759,1.0,YOR366W,non_ess,non_ess
0.031791907514450865,0.0050998357680006896,0.027027027027027032,0.08929301185124643,0.008082292432035268,0.3397977874595109,0.3041880969875092,YLR431C,non_ess,non_ess
0.03757225433526011,0.007433658916068805,0.0,0.11115651818553332,0.0077288941736028535,0.4036673626260451,0.2372175980975029,YGR166W,non_ess,non_ess
0.03757225433526011,0.008470913648543521,0.13513513513513514,0.06988148753575807,0.0120817843866171,0.27708044072199584,0.17843866171003714,YBR053C,non_ess,non_ess
0.05780346820809248,0.01797908202956176,0.2972972972972973,0.02227217000408664,0.05305039787798409,1.7811277148935054,0.9336870026525201,YDR426C,non_ess,non_ess
0.05202312138728323,0.007779410493560376,0.054054054054054064,0.06538618716796077,0.01782178217821782,0.5930303266547127,0.2306930693069307,YIL096C,non_ess,non_ess
0.017341040462427744,0.0044083326130175465,0.0,0.032897425418880265,0.01125703564727955,0.29511535161737396,0.2926829268292683,YEL018C-A,non_ess,non_ess
0.026011560693641616,0.009853919958509807,0.08108108108108109,0.015937883122190438,0.03169014084507042,0.8156338028169015,0.44014084507042256,YJL166W,non_ess,non_ess
0.10982658959537572,0.03154983144610597,0.16216216216216214,0.14221495709031468,0.017773620205799808,0.4855084630575744,1.0,YLL051C,non_ess,non_ess
0.02023121387283237,0.008384475754170628,0.13513513513513514,0.09174499387004496,0.005010737294201861,0.19148688406119746,0.5325697924123121,YHR146W,non_ess,non_ess
0.02023121387283237,0.003284639986169937,0.0,0.021250510829587253,0.01933701657458564,0.9145402867818476,0.8397790055248618,YJR018W,non_ess,non_ess
0.03468208092485549,0.0044083326130175465,0.0,0.0670208418471598,0.01160541586073501,0.22067508853290788,0.2611218568665377,YPR004C,non_ess,non_ess
0.10404624277456646,0.033624340911055414,0.054054054054054064,0.23641193297915816,0.01022436807725078,0.18913695527185329,0.20619142289122408,YGL006W,non_ess,non_ess
0.01445086705202312,0.0019880715705765406,0.0,0.08438904781364938,0.003878975950349108,0.10982535725072397,0.4321179208688906,YPR186C,ess,ess
0.011560693641618495,0.002333823148068113,0.0,0.017163874131589704,0.01324503311258278,0.6611070231379282,1.0,YOR248W,non_ess,non_ess
0.026011560693641616,0.002420261042441006,0.0,0.3571720474049857,0.0017000377786173025,0.06522673683936271,0.5517567057045712,YKL014C,ess,ess
0.008670520231213872,0.0008643789437289308,0.0,0.061912545974662864,0.003128258602711157,0.3006344225390545,0.4171011470281543,YOR143C,ess,ess
0.13583815028901733,0.05281355346183768,0.054054054054054064,0.15181855333060892,0.020623080298376482,0.5502103325257074,0.11320754716981132,YOR267C,non_ess,non_ess
0.023121387283237003,0.006223528394848302,0.027027027027027032,0.009194932570494484,0.04324324324324325,1.4673385249656437,0.4486486486486487,YOL097W-A,non_ess,non_ess
0.026011560693641616,0.003284639986169937,0.08108108108108109,0.0606865549652636,0.009564293304994687,0.2276615389975785,0.21891604675876727,YOR006C,non_ess,non_ess
0.03468208092485549,0.004321894718644654,0.0,0.09828361258684104,0.008037508372404554,0.18470113460807047,0.41393168117883455,YJR122W,non_ess,non_ess
0.06069364161849713,0.007087907338577231,0.027027027027027032,0.12341642827952595,0.011278195488721804,0.4224812030075187,0.2411385606874329,YDL063C,non_ess,non_ess
0.0953757225433526,0.014780879937764715,0.027027027027027032,0.16060482223130365,0.013704318936877076,0.4544734605578305,0.12583056478405316,YGL139W,non_ess,non_ess
0.10982658959537572,0.04304607139770075,0.0,0.02513281569268493,0.09069212410501193,2.026639644804736,0.3794749403341289,YEL033W,non_ess,non_ess
0.011560693641618495,0.002506698936813899,0.0,0.11810380057212914,0.002242152466367713,0.06370805628575847,0.5213004484304933,YJL069C,ess,ess
0.08092485549132948,0.032587086178580686,0.16216216216216214,0.01818553330608909,0.08832807570977919,3.10149316508938,0.20504731861198736,YBR209W,non_ess,non_ess
0.06358381502890173,0.009681044169764024,0.21621621621621626,0.07315079689415611,0.019572953736654804,0.4916963226571768,0.2393238434163701,YMR289W,non_ess,non_ess
0.09826589595375723,0.021263722015731696,0.0,0.085002043318349,0.02619414483821264,0.8652757797267396,0.18875192604006166,YHR176W,non_ess,non_ess
0.0953757225433526,0.02221453885383352,0.16216216216216214,0.09276665304454433,0.023371104815864026,0.6913172804532578,0.10977337110481586,YPR068C,non_ess,non_ess
0.10404624277456646,0.02826519145993604,0.027027027027027032,0.1491622394769105,0.01607142857142857,0.3911003861003861,0.10848214285714286,YOR299W,non_ess,non_ess
0.05202312138728323,0.013570749416544212,0.0,0.0815284021250511,0.01443464314354451,0.34282277465918204,0.23496391339214115,YOL082W,non_ess,non_ess
0.0953757225433526,0.021004408332613016,0.027027027027027032,0.07478545157335513,0.02874564459930314,0.5562830167472181,0.12369337979094075,YAL060W,non_ess,non_ess
0.06358381502890173,0.007260783127323019,0.054054054054054064,0.09644462607274214,0.01500682128240109,0.6140546259431467,0.17257844474761255,YPL262W,non_ess,non_ess
0.1445086705202312,0.05506093871553289,0.40540540540540543,0.048630976706170816,0.06544502617801047,1.2431266279039177,0.10602094240837696,YER153C,non_ess,non_ess
0.017341040462427744,0.0019880715705765406,0.027027027027027032,0.020024519820187988,0.017441860465116282,0.4561107497154009,0.3691860465116279,YHR138C,non_ess,non_ess
0.04046242774566474,0.016941827297087042,0.0,0.06742950551695955,0.013461538461538462,0.32221601073345263,0.1932692307692308,YCL032W,non_ess,non_ess
0.008670520231213872,0.0016423199930849686,0.054054054054054064,0.10175725378013896,0.0019430051813471504,0.03554509886856297,0.8471502590673575,YCR053W,non_ess,non_ess
0.049132947976878616,0.009421730486645344,0.0,0.1013485901103392,0.01105331599479844,0.25140875596012136,0.2951885565669701,YGL158W,non_ess,non_ess
0.0,0.0,0.0,0.01675521046178995,0.0,0.0,1.0,YAR053W,non_ess,non_ess
0.023121387283237003,0.0016423199930849686,0.027027027027027032,0.24948917041275034,0.0021545919741448962,0.054414009072522085,0.7341772151898734,YGR090W,ess,ess
0.06647398843930635,0.012619932578442388,0.21621621621621626,0.10461789946873724,0.014501891551071878,0.3376869032606737,0.17402269861286254,YDL170W,non_ess,non_ess
0.0838150289017341,0.029302446192410764,0.054054054054054064,0.22966898242746225,0.00847457627118644,0.1899131872674659,0.33547632963179425,YMR317W,non_ess,non_ess
0.09248554913294796,0.02135015991010459,0.027027027027027032,0.12076011442582756,0.01755348326933626,0.2965614804977337,0.14591332967635764,YJL100W,non_ess,non_ess
0.05491329479768786,0.012187743106577923,0.13513513513513514,0.09113199836534533,0.013688760806916429,0.4520531009668674,0.21757925072046108,YMR111C,non_ess,non_ess
0.05491329479768786,0.020658656755121445,0.027027027027027032,0.047609317531671434,0.025367156208277702,0.6483947276458096,0.4072096128170895,YMR038C,non_ess,non_ess
0.06647398843930635,0.01521306940962918,0.054054054054054064,0.08847568451164692,0.01704966641957005,0.8642417116126888,0.1497405485544848,YMR210W,non_ess,non_ess
0.0,0.0,0.0,0.029423784225582342,0.0,0.0,1.0,YOR396C-A,non_ess,non_ess
0.05491329479768786,0.017114703085832832,0.32432432432432434,0.0570085819370658,0.021420518602029308,0.6222096956031566,0.3585118376550169,YBR037C,non_ess,non_ess
0.23121387283236994,0.06405047973031376,0.054054054054054064,0.18226399673069066,0.029347028613352893,0.8244889960591816,0.08584005869405723,YLL026W,non_ess,non_ess
0.02023121387283237,0.017806206240815973,0.027027027027027032,0.05312627707396813,0.008433734939759036,0.1618714859437751,0.4012048192771085,YLR344W,non_ess,non_ess
0.06069364161849713,0.010199671536001384,0.054054054054054064,0.10380057212913772,0.013341804320203305,0.5426230035545976,0.2204574332909784,YER123W,non_ess,non_ess
0.03468208092485549,0.008038724176679056,0.027027027027027032,0.14078463424601553,0.005668398677373642,0.23003287285627524,0.3160132262635805,YMR163C,non_ess,non_ess
0.1791907514450867,0.18169245397182124,1.0,0.04965263588067021,0.07958921694480102,1.4329255404158356,0.10397946084724004,YCL010C,non_ess,non_ess
0.02023121387283237,0.002420261042441006,0.0,0.11544748671843072,0.0040114613180515755,0.10550301822258966,0.3111747851002865,YML127W,ess,ess
0.031791907514450865,0.006223528394848302,0.054054054054054064,0.05026563138536985,0.013959390862944164,0.2088801535223474,0.2322335025380711,YPL246C,non_ess,non_ess
0.04046242774566474,0.01045898521912006,0.0,0.1726604004903964,0.005415860735009671,0.27437706223688696,0.2955512572533849,YPL008W,non_ess,non_ess
0.02023121387283237,0.003284639986169937,0.32432432432432434,0.03051355401171503,0.014056224899598391,0.3559481829758057,0.39357429718875503,YMR292W,non_ess,non_ess
0.026011560693641616,0.00760653470481459,0.3783783783783784,0.060277891295463834,0.009625668449197863,0.19600685483038427,0.4149732620320856,YML050W,non_ess,non_ess
0.03757225433526011,0.0067421557610856594,0.08108108108108109,0.01879852881078873,0.03987730061349693,1.4823776136221358,0.6257668711656442,YMR031W-A,non_ess,non_ess
0.02023121387283237,0.002420261042441006,0.027027027027027032,0.0190028606456886,0.02127659574468085,0.6972751026502426,0.3373860182370821,YER046W-A,non_ess,non_ess
0.04046242774566474,0.01184199152908635,0.027027027027027032,0.07029015120555783,0.012939001848428836,0.3603873255955789,0.5369685767097967,YPL191C,non_ess,non_ess
0.023121387283237003,0.004149018929898867,0.0,0.15978749489170413,0.00333889816360601,0.1433681986985111,0.3184474123539232,YBR198C,ess,ess
0.04335260115606936,0.01037254732474717,0.08108108108108109,0.08663669799754803,0.0113464447806354,0.1940203066269476,0.2579425113464448,YGL164C,non_ess,non_ess
0.017341040462427744,0.0006915031549831446,0.0,0.017572537801389457,0.01948051948051948,0.5578750108951451,1.0,YJL022W,non_ess,non_ess
0.011560693641618495,0.0033710778805428297,0.21621621621621626,0.03248876174908051,0.007590132827324478,0.2029280634362321,0.4592030360531311,YGL222C,non_ess,non_ess
0.02890173410404624,0.009681044169764024,0.027027027027027032,0.08316305680425011,0.007867820613690008,0.2052189876737477,0.3099921321793863,YOR266W,non_ess,non_ess
0.17052023121387286,0.0474544040107183,0.16216216216216214,0.3203923171230077,0.012410601598653766,0.4068809061752186,0.09823306689103913,YJR138W,non_ess,non_ess
0.0057803468208092465,0.0004321894718644654,0.027027027027027032,0.06272987331426237,0.0020597322348094747,0.05890985087689515,0.611740473738414,YHR010W,non_ess,non_ess
0.03468208092485549,0.0047540841905091185,0.027027027027027032,0.10012259910093993,0.007894736842105262,0.2422234156820623,0.34342105263157896,YPL140C,non_ess,non_ess
0.12716763005780346,0.04572564612326044,0.10810810810810813,0.056599918267266035,0.049943246311010214,0.9144412892176068,0.17707150964812712,YOL001W,non_ess,non_ess
0.0028901734104046237,0.0004321894718644654,0.027027027027027032,0.009807928075194115,0.005154639175257732,0.12277024425717585,0.865979381443299,YLR262C-A,non_ess,non_ess
0.05491329479768786,0.012101305212205031,0.0,0.10706988148753577,0.011713933415536377,0.430618179141285,0.2404438964241677,YFL040W,non_ess,non_ess
0.0057803468208092465,0.0004321894718644654,0.35135135135135137,0.0126685737637924,0.00847457627118644,0.2187811565304088,1.0,YCR081C-A,non_ess,non_ess
0.031791907514450865,0.007087907338577231,0.10810810810810813,0.060890886800163475,0.011652542372881356,0.3604788974660178,0.2764830508474576,YMR241W,non_ess,non_ess
0.01445086705202312,0.0020745094649494327,0.054054054054054064,0.05680425010216592,0.005656108597285068,0.21540046689915554,0.6131221719457014,YPL149W,non_ess,non_ess
0.026011560693641616,0.011409802057221884,0.10810810810810813,0.013894564773191663,0.03543307086614173,0.8061956071280563,0.4409448818897638,YGR008C,non_ess,non_ess
0.03757225433526011,0.01149623995159478,0.08108108108108109,0.05087862689006948,0.01631116687578419,0.4540912349883491,0.3450439146800502,YLR102C,non_ess,non_ess
0.01445086705202312,0.0009508168381018238,0.0,0.10277891295463834,0.003207184092366902,0.060656258368259476,0.300192431045542,YMR013C,ess,ess
0.11560693641618495,0.021868787276341943,0.0,0.063342868818962,0.040816326530612235,1.1210208688441514,0.16326530612244894,YKL218C,non_ess,non_ess
0.03468208092485549,0.007433658916068805,0.054054054054054064,0.058643236616264825,0.013172338090010977,0.4332949586356456,1.0,YBR231C,non_ess,non_ess
0.06069364161849713,0.009853919958509807,0.027027027027027032,0.12382509194932573,0.011241970021413276,0.30436592909826315,0.16970021413276232,YOR137C,non_ess,non_ess
0.04335260115606936,0.007001469444204339,0.054054054054054064,0.10093992644053944,0.0097911227154047,0.1821916756258639,0.29699738903394257,YFR039C,non_ess,non_ess
0.0057803468208092465,0.00224738525369522,0.16216216216216214,0.02540525813921809,0.004728132387706857,0.06711621317312526,0.8817966903073287,YEL003W,non_ess,non_ess
0.026011560693641616,0.0035439536692886157,0.0,0.05169595422966899,0.011124845488257108,0.2941131025957973,0.5512978986402967,YKR034W,non_ess,non_ess
0.049132947976878616,0.03829198720719163,0.0,0.017572537801389457,0.05519480519480519,1.3090478798310123,0.3896103896103896,YOR300W,non_ess,non_ess
0.02890173410404624,0.0019880715705765406,0.054054054054054064,0.052717613404168376,0.012135922330097087,0.2712989027402769,0.316747572815534,YDR272W,non_ess,non_ess
0.06358381502890173,0.01037254732474717,0.0,0.2523498161013486,0.005858854860186418,0.15769450256800455,0.12969374167776299,YML081W,non_ess,non_ess
0.05491329479768786,0.004926959979254904,0.16216216216216214,0.2723743359215366,0.004692516670782909,0.14218325512472216,0.4302296863423067,YLR384C,non_ess,non_ess
0.10982658959537572,0.026882185149969744,0.4324324324324325,0.18961994278708624,0.013408609738884969,0.3734171315961172,0.1146788990825688,YML076C,non_ess,non_ess
0.04624277456647399,0.00898954101478088,0.16216216216216214,0.15079689415610953,0.00706713780918728,0.3755115457309557,0.2482332155477032,YER162C,non_ess,non_ess
0.049132947976878616,0.01633676203647679,0.054054054054054064,0.022885165508786283,0.04404145077720207,1.2581071777962969,0.3160621761658031,YER084W,non_ess,non_ess
0.05491329479768786,0.012447056789696605,0.08108108108108109,0.20841847159787494,0.006109324758842444,0.14852263839402105,0.2266881028938907,YGR125W,non_ess,non_ess
0.0028901734104046237,0.0003457515774915723,0.054054054054054064,0.014507560277891298,0.0038022813688212928,0.13579838724490734,0.7794676806083649,YGL032C,non_ess,non_ess
0.01445086705202312,0.00224738525369522,0.0,0.09991826726604006,0.0032959789057350032,0.09074313952362732,0.4258404746209624,YMR290C,ess,ess
0.1445086705202312,0.04762727979946409,0.13513513513513514,0.12729873314262366,0.02605523710265764,0.4982479023193842,0.2699322563835331,YIL123W,non_ess,non_ess
0.0,0.0,0.0,0.38666394224220135,0.0,0.0,1.0,YPL283C,non_ess,non_ess
0.0,0.0,0.0,0.021250510829587253,0.0,0.0,1.0,YJR157W,non_ess,non_ess
0.09248554913294796,0.021177284121358803,0.054054054054054064,0.18696362893338786,0.01144901610017889,0.21152709876291426,0.10518783542039356,YOR219C,non_ess,non_ess
0.04624277456647399,0.008384475754170628,0.027027027027027032,0.19248058847568453,0.005563282336578581,0.09191565552411554,0.29694019471488176,YBR073W,non_ess,non_ess
0.017341040462427744,0.0026795747255596854,0.08108108108108109,0.042092357989374746,0.008982035928143712,0.22424642240941844,0.2904191616766467,YMR202W,non_ess,non_ess
0.06069364161849713,0.015385945198374969,0.08108108108108109,0.14241928892521455,0.009808500700607192,0.1926162094104746,0.13591779542269966,YNL101W,non_ess,non_ess
0.011560693641618495,0.0026795747255596854,0.13513513513513514,0.03248876174908051,0.007590132827324478,0.4319650277424159,0.4326375711574952,YDR469W,non_ess,non_ess
0.10115606936416184,0.010545423113492956,0.054054054054054064,0.7617490805067431,0.0031155421043261525,0.08004546637268731,0.09355527861847962,YHR099W,non_ess,non_ess
0.0057803468208092465,0.0002593136831186792,0.027027027027027032,0.052717613404168376,0.0024271844660194173,0.09201836074235516,0.6929611650485437,YER116C,non_ess,non_ess
0.01445086705202312,0.002420261042441006,0.054054054054054064,0.020228851655087855,0.01440922190201729,0.2946226010178429,0.4668587896253602,YDR509W,non_ess,non_ess
0.008670520231213872,0.0014694442043391822,0.054054054054054064,0.04965263588067021,0.003851091142490373,0.08162014063188551,0.8485237483953787,YAL009W,non_ess,non_ess
0.06069364161849713,0.00959460627539113,0.0,0.2366162648140581,0.005959137343927355,0.1909632648849448,0.17366628830874006,YJL092W,non_ess,non_ess
0.04046242774566474,0.0076929725991874845,0.21621621621621626,0.03330608908868002,0.025974025974025976,0.5195599507526113,0.23747680890538034,YMR009W,non_ess,non_ess
0.03757225433526011,0.01097761258535742,0.2972972972972973,0.12832039231712306,0.00672182006204757,0.1504315893885993,0.4891416752843847,YGL124C,non_ess,non_ess
0.15028901734104044,0.11911141844584665,0.054054054054054064,0.021863506334286884,0.14016172506738545,3.0021737240239976,0.1105121293800539,YMR057C,non_ess,non_ess
